MEME version 4

ALPHABET= ACGT

strands: + -

Background letter frequencies (from uniform background):
A 0.25000 C 0.25000 G 0.25000 T 0.25000

MOTIF M0082_1.02 TFAP2B

letter-probability matrix: alength= 4 w= 10
  0.22038	0.33541	0.10204	0.34218
  0.11178	0.19375	0.66952	0.02494
  0.00955	0.98915	0.00037	0.00093
  0.00044	0.89119	0.00032	0.10805
  0.04622	0.37746	0.19123	0.38509
  0.13261	0.33611	0.32945	0.20183
  0.43031	0.24827	0.22918	0.09225
  0.30162	0.02476	0.65144	0.02218
  0.0551	0.00043	0.94309	0.00138
  0.09524	0.34945	0.43544	0.11987

MOTIF M0083_1.02 TFAP2B

letter-probability matrix: alength= 4 w= 10
  0.1632	0.12967	0.10831	0.59883
  0.20345	0.34911	0.24602	0.20142
  0.0013	0.33138	0.66731	1e-05
  4e-05	0.99993	1e-05	1e-05
  0.00021	0.94811	2e-05	0.05165
  0.02004	0.28646	0.15565	0.53786
  0.10655	0.39488	0.39095	0.10762
  0.56528	0.17721	0.23447	0.02304
  0.10063	9e-05	0.89918	9e-05
  0.00012	4e-05	0.99982	2e-05

MOTIF M0084_1.02 TFAP2B

letter-probability matrix: alength= 4 w= 10
  0.19472	0.40005	0.15014	0.25508
  0.0896	0.3255	0.52603	0.05887
  9e-05	0.98992	0.00024	0.00975
  0.00125	0.81372	0.01232	0.17271
  0.07069	0.44957	0.22549	0.25424
  0.11415	0.27248	0.44477	0.1686
  0.58669	0.18209	0.1615	0.06972
  0.19917	0.00192	0.7917	0.0072
  0.01936	0.00027	0.9757	0.00468
  0.06175	0.50931	0.30584	0.12311

MOTIF M0085_1.02 TFAP2B

letter-probability matrix: alength= 4 w= 10
  0.21321	0.17632	0.13595	0.47452
  0.22212	0.32158	0.13472	0.32158
  0.00478	0.21383	0.75385	0.02753
  0.00043	0.961	0.00017	0.0384
  0.0003	0.93776	0.00016	0.06178
  0.00127	0.32776	0.13595	0.53501
  0.12284	0.31446	0.39184	0.17086
  0.45499	0.25475	0.23051	0.05976
  0.11851	0.00113	0.84131	0.03905
  0.00287	0.00166	0.95795	0.03752

MOTIF M0100_1.02 ARID3A

letter-probability matrix: alength= 4 w= 9
  0.29191	0.14496	0.22734	0.33578
  0.21588	0.17499	0.09896	0.51016
  0.13213	0.11373	0.09311	0.66103
  0.0943	0.11988	0.05333	0.7325
  0.42451	0.03315	0.37651	0.16583
  0.99784	0.00042	0.00124	0.0005
  0.00042	0.00019	0.0001	0.9993
  0.25484	0.25998	0.0815	0.40368
  0.3276	0.20475	0.27092	0.19673

MOTIF M0103_1.02 ARID3A

letter-probability matrix: alength= 4 w= 9
  0.28053	0.18432	0.22513	0.31003
  0.22671	0.17656	0.10709	0.48964
  0.1392	0.12223	0.1021	0.63647
  0.11527	0.10224	0.05667	0.72582
  0.37768	0.04911	0.31233	0.26088
  0.96781	0.01013	0.01064	0.01142
  0.00039	0.00021	0.0001	0.99931
  0.29477	0.22278	0.11514	0.3673
  0.29602	0.22598	0.22825	0.24975

MOTIF M0104_1.02 ARID3A

letter-probability matrix: alength= 4 w= 11
  0.46794	0.17735	0.17735	0.17735
  0.27341	0.08007	0.08007	0.56645
  0.60918	0.11917	0.03375	0.2379
  0.10444	0.00014	0.00014	0.89528
  0.00014	0.00014	0.00014	0.99958
  0.99958	0.00014	0.00014	0.00014
  0.91094	0.00014	0.00014	0.08878
  0.08878	0.00014	0.00014	0.91094
  0.26179	0.16787	0.07279	0.49755
  0.48978	0.17007	0.17007	0.17007
  0.35082	0.21639	0.21639	0.21639

MOTIF M0105_1.02 ARID3A

letter-probability matrix: alength= 4 w= 9
  0.26518	0.18501	0.20243	0.34738
  0.1854	0.18726	0.10804	0.51931
  0.15127	0.14104	0.10039	0.60731
  0.09592	0.13887	0.05646	0.70876
  0.35442	0.11335	0.33378	0.19844
  0.73919	0.09421	0.05714	0.10946
  0.02328	0.02447	0.02004	0.93221
  0.28593	0.2461	0.08964	0.37833
  0.25409	0.23222	0.26712	0.24658

MOTIF M0106_1.02 ARID3A

letter-probability matrix: alength= 4 w= 9
  0.28721	0.13703	0.21065	0.36511
  0.21987	0.14592	0.07694	0.55727
  0.11882	0.07652	0.07135	0.73331
  0.07068	0.08212	0.06023	0.78697
  0.40898	0.0394	0.30603	0.24559
  0.96466	0.01233	0.01322	0.00979
  0.00083	0.01743	0.00089	0.98085
  0.3226	0.23899	0.09243	0.34599
  0.30095	0.22974	0.19972	0.2696

MOTIF M0107_1.02 ARID5B

letter-probability matrix: alength= 4 w= 8
  0.21123	0.30277	0.18923	0.29677
  0.22763	0.24659	0.31981	0.20597
  0.41527	0.08553	0.31073	0.18847
  0.25303	0.12819	0.07775	0.54104
  0.86215	0.0166	0.06214	0.05911
  0.09542	0.00165	0.06724	0.8357
  0.20427	0.23031	0.068	0.49742
  0.27956	0.19899	0.30589	0.21556

MOTIF M0108_1.02 ARID5B

letter-probability matrix: alength= 4 w= 11
  0.22641	0.22641	0.32076	0.22641
  0.36839	0.17694	0.27774	0.17694
  0.25704	0.14962	0.05109	0.54224
  0.90243	0.00015	0.09726	0.00015
  0.99954	0.00015	0.00015	0.00015
  0.00015	0.00015	0.00015	0.99954
  0.99954	0.00015	0.00015	0.00015
  0.00015	0.00015	0.00015	0.99954
  0.02374	0.02374	0.02374	0.92878
  0.17772	0.07322	0.46627	0.2828
  0.30196	0.19906	0.19906	0.29992

MOTIF M0109_1.02 ARID3A

letter-probability matrix: alength= 4 w= 9
  0.25215	0.20852	0.23746	0.30187
  0.22494	0.23885	0.14633	0.38988
  0.17209	0.17733	0.1637	0.48688
  0.16079	0.1624	0.10996	0.56685
  0.33194	0.11049	0.31893	0.23864
  0.77906	0.07356	0.10974	0.03764
  0.03226	0.10606	0.0212	0.84048
  0.28341	0.23673	0.1571	0.32276
  0.26004	0.25745	0.24005	0.24246

MOTIF M0110_1.02 ARID5B

letter-probability matrix: alength= 4 w= 10
  0.22932	0.25598	0.25092	0.26378
  0.19432	0.31719	0.17759	0.31091
  0.22901	0.25564	0.33155	0.18379
  0.52575	0.0748	0.29436	0.10509
  0.33007	0.12265	0.08817	0.45911
  0.93062	0.00058	0.0492	0.01961
  0.03407	0.02194	0.02026	0.92373
  0.15146	0.2171	0.053	0.57844
  0.29279	0.17937	0.32358	0.20427
  0.24746	0.25499	0.24256	0.25499

MOTIF M0111_1.02 ARID3A

letter-probability matrix: alength= 4 w= 8
  0.22875	0.22199	0.1488	0.40046
  0.18246	0.17013	0.14643	0.50098
  0.13832	0.18859	0.07149	0.60159
  0.33607	0.06018	0.42297	0.18078
  0.97389	0.00088	0.02201	0.00323
  0.04519	0.00036	0.00015	0.95429
  0.27851	0.24456	0.11211	0.36483
  0.30042	0.2034	0.26913	0.22705

MOTIF M0114_1.02 ARID3A

letter-probability matrix: alength= 4 w= 8
  0.19883	0.23567	0.14877	0.41673
  0.16236	0.17588	0.15915	0.50261
  0.17448	0.16268	0.10067	0.56217
  0.40984	0.08874	0.30975	0.19167
  0.91294	0.00025	0.03505	0.05176
  0.05728	0.00059	0.00025	0.94188
  0.24012	0.25497	0.19659	0.30832
  0.26835	0.21535	0.27105	0.24525

MOTIF M0122_1.02 HMGA1

letter-probability matrix: alength= 4 w= 9
  0.24529	0.27381	0.24285	0.23804
  0.23781	0.29338	0.24261	0.22621
  0.21634	0.25136	0.29793	0.23436
  0.25863	0.24115	0.26385	0.23637
  0.50249	0.00052	0.4114	0.08559
  0.35382	0.29553	0.00035	0.3503
  0.361	0.1143	0.18473	0.33997
  0.35553	0.12195	0.20719	0.31533
  0.33877	0.18043	0.20343	0.27736

MOTIF M0132_1.02 HMGA1

letter-probability matrix: alength= 4 w= 10
  0.23737	0.26498	0.26498	0.23267
  0.25492	0.27892	0.22609	0.24007
  0.23484	0.2372	0.30457	0.22339
  0.20196	0.2866	0.26722	0.24422
  0.60132	0.00023	0.32026	0.07819
  0.46652	0.18407	0.00033	0.34908
  0.39185	0.07017	0.06413	0.47385
  0.43512	0.08356	0.07561	0.4057
  0.37631	0.16084	0.16084	0.302
  0.3038	0.2366	0.1618	0.29779

MOTIF M0134_1.02 HMGA1

letter-probability matrix: alength= 4 w= 8
  0.29575	0.2899	0.22577	0.18858
  0.25603	0.24847	0.26383	0.23167
  0.36921	0.13996	0.27352	0.21732
  0.3344	0.13326	0.25022	0.28212
  0.40811	0.08158	0.17618	0.33413
  0.71633	0.00215	0.00171	0.27982
  0.60475	0.0003	0.13905	0.25591
  0.27021	0.13553	0.07665	0.51761

MOTIF M0139_1.02 HMGA2

letter-probability matrix: alength= 4 w= 10
  0.20103	0.30796	0.2445	0.24652
  0.32198	0.16601	0.32015	0.19185
  0.41425	0.18821	0.19264	0.2049
  0.43151	0.06443	0.1003	0.40376
  0.42372	0.04794	5e-05	0.52829
  0.52829	5e-05	0.04794	0.42372
  0.40376	0.1003	0.06443	0.43151
  0.2049	0.19264	0.18821	0.41425
  0.19185	0.32015	0.16601	0.32198
  0.24652	0.2445	0.30796	0.20103

MOTIF M0168_1.02 MYF6

letter-probability matrix: alength= 4 w= 8
  0.0	0.0	1.0	0.0
  1.0	0.0	0.0	0.0
  0.0	1.0	0.0	0.0
  1.0	0.0	0.0	0.0
  0.0	0.0	1.0	0.0
  0.0	1.0	0.0	0.0
  0.0	0.0	0.0	1.0
  0.0	0.0	1.0	0.0

MOTIF M0174_1.02 TFE3

letter-probability matrix: alength= 4 w= 10
  0.28064	0.18439	0.31642	0.21856
  0.39054	0.06924	0.48181	0.05841
  0.07319	0.0912	0.08335	0.75225
  0.00617	0.99169	0.00177	0.00037
  0.8937	0.04275	0.01237	0.05118
  0.00657	0.70777	0.06818	0.21748
  0.15108	0.03996	0.79456	0.01441
  0.25464	0.24223	0.11557	0.38756
  0.03589	0.03625	0.8631	0.06475
  0.23046	0.2259	0.34726	0.19638

MOTIF M0175_1.02 MNT

letter-probability matrix: alength= 4 w= 9
  0.23718	0.24686	0.22337	0.2926
  0.26305	0.22193	0.32778	0.18723
  0.05967	0.78742	0.04741	0.10551
  0.79951	0.00077	0.05938	0.14033
  0.01856	0.80503	0.00035	0.17607
  0.04859	0.09401	0.85701	0.00038
  0.03257	0.22662	0.0033	0.73751
  0.07523	0.00163	0.78879	0.13436
  0.18354	0.32781	0.21755	0.27109

MOTIF M0176_1.02 TFAP4

letter-probability matrix: alength= 4 w= 9
  0.27346	0.42461	0.18148	0.12044
  0.09758	0.82934	0.03928	0.03381
  0.66249	0.05604	0.19954	0.08194
  0.04329	0.20808	0.46775	0.28088
  0.29971	0.47004	0.21547	0.01477
  0.0044	0.0723	0.01566	0.90765
  0.00072	0.00017	0.99744	0.00167
  0.37874	0.08201	0.27502	0.26424
  0.11825	0.22879	0.17819	0.47477

MOTIF M0177_1.02 TWIST1

letter-probability matrix: alength= 4 w= 10
  0.30183	0.19987	0.29843	0.19987
  0.28246	0.57951	0.06902	0.06902
  0.00014	0.99958	0.00014	0.00014
  0.99958	0.00014	0.00014	0.00014
  0.00014	0.217	0.00014	0.78272
  0.78911	0.00014	0.21061	0.00014
  0.00014	0.00014	0.00014	0.99958
  0.00014	0.00014	0.99958	0.00014
  0.05027	0.05027	0.15474	0.74473
  0.18112	0.18112	0.27227	0.36548

MOTIF M0178_1.02 ASCL1

letter-probability matrix: alength= 4 w= 10
  0.31555	0.18128	0.30497	0.1982
  0.34257	0.21565	0.3291	0.11269
  0.0363	0.95686	0.0	0.00685
  0.88744	0.02604	0.05204	0.03448
  0.02231	0.23317	0.58293	0.16159
  0.16159	0.58293	0.23317	0.02231
  0.03448	0.05204	0.02604	0.88744
  0.00685	0.0	0.95686	0.0363
  0.11269	0.3291	0.21565	0.34257
  0.1982	0.30497	0.18128	0.31555

MOTIF M0179_1.02 ARNTL

letter-probability matrix: alength= 4 w= 12
  0.30661	0.23113	0.23113	0.23113
  0.34174	0.18184	0.29457	0.18184
  0.07906	0.07906	0.20895	0.63294
  0.0953	0.79329	0.01982	0.09159
  0.99946	0.00018	0.00018	0.00018
  0.15422	0.77365	0.00018	0.07195
  0.00018	0.00018	0.85221	0.14743
  0.00018	0.00018	0.00018	0.99946
  0.09761	0.01905	0.86429	0.01905
  0.26517	0.59815	0.06834	0.06834
  0.31618	0.17112	0.17112	0.34157
  0.23036	0.23036	0.23036	0.30892

MOTIF M0180_1.02 ARNTL

letter-probability matrix: alength= 4 w= 10
  0.44169	0.23587	0.16122	0.16122
  0.19188	0.18798	0.22519	0.39495
  0.00021	0.00021	0.26588	0.7337
  0.14124	0.7081	0.00021	0.15045
  0.92987	0.00021	0.06971	0.00021
  0.00021	0.49675	0.00021	0.50283
  0.36258	0.00021	0.56624	0.07097
  0.00021	0.00021	0.07097	0.92861
  0.15701	0.08899	0.66501	0.08899
  0.33055	0.40348	0.13299	0.13299

MOTIF M0181_1.02 MLX

letter-probability matrix: alength= 4 w= 9
  0.21319	0.18534	0.32773	0.27374
  0.34071	0.16094	0.26535	0.233
  0.2094	0.19721	0.25834	0.33505
  0.0	0.99958	7e-05	0.00035
  0.88894	0.0	0.11106	0.0
  3e-05	0.79897	0.0	0.201
  0.0	0.07649	0.92253	0.00099
  0.09799	0.01274	0.11272	0.77655
  0.05222	0.05381	0.76932	0.12465

MOTIF M0182_1.02 MLX

letter-probability matrix: alength= 4 w= 10
  0.21349	0.31532	0.29108	0.18011
  0.12092	0.70989	0.07408	0.09512
  0.53234	0.09251	0.24648	0.12867
  0.01859	0.87377	0.02916	0.07848
  0.21445	0.05081	0.7337	0.00104
  0.01847	3e-05	0.05071	0.93079
  6e-05	7e-05	0.97168	0.02819
  0.35778	0.27041	0.19055	0.18126
  0.21509	0.28459	0.15619	0.34414
  0.25328	0.3488	0.18209	0.21583

MOTIF M0183_1.02 HEY2

letter-probability matrix: alength= 4 w= 9
  0.12794	0.14139	0.58497	0.1457
  0.37342	0.21761	0.2198	0.18918
  0.05035	0.85327	0.05035	0.04602
  0.80268	0.01168	0.15885	0.02679
  0.01384	0.91403	0.01485	0.05728
  0.0544	0.02926	0.90358	0.01276
  0.01704	0.14627	0.01165	0.82504
  0.01032	0.00204	0.96725	0.02038
  0.0939	0.52436	0.10801	0.27374

MOTIF M0184_1.02 TCF3

letter-probability matrix: alength= 4 w= 9
  0.26767	0.26237	0.2023	0.26767
  0.26655	0.25103	0.39369	0.08873
  0.01217	0.98159	0.00363	0.00261
  0.9702	0.0066	0.00775	0.01545
  0.0051	0.13409	0.85282	0.00799
  0.0932	0.1127	0.78427	0.00982
  0.00178	0.03984	0.00029	0.95809
  0.00509	0.00081	0.98954	0.00456
  0.06298	0.34476	0.23342	0.35883

MOTIF M0185_1.02 TCF3

letter-probability matrix: alength= 4 w= 10
  0.23763	0.21501	0.28735	0.26001
  0.31299	0.25883	0.20981	0.21837
  0.35309	0.23906	0.31631	0.09154
  0.0292	0.89255	0.01129	0.06696
  0.9152	0.00911	0.02682	0.04887
  0.00034	0.68308	0.14644	0.17014
  0.01715	0.70764	0.21102	0.0642
  0.03665	0.0335	0.03062	0.89923
  0.00638	0.00853	0.91947	0.06561
  0.11159	0.3386	0.30638	0.24343

MOTIF M0186_1.02 TCF3

letter-probability matrix: alength= 4 w= 8
  0.25848	0.29733	0.32209	0.1221
  0.02134	0.97304	0.00301	0.00261
  0.93904	0.03165	0.01755	0.01176
  0.00688	0.18663	0.80361	0.00288
  0.20314	0.13892	0.65453	0.0034
  0.00424	0.00693	0.00122	0.98762
  0.0033	0.00097	0.98684	0.00889
  0.11743	0.3192	0.25361	0.30976

MOTIF M0187_1.02 SREBF1

letter-probability matrix: alength= 4 w= 10
  0.39302	0.152	0.3628	0.09219
  0.11717	0.11835	0.06966	0.69482
  0.12812	0.47962	0.32799	0.06426
  0.39737	0.0027	0.46632	0.1336
  0.00029	0.48502	0.31551	0.19918
  0.21269	0.13975	0.57816	0.0694
  0.09901	0.16001	0.00204	0.73894
  0.05545	0.02567	0.84175	0.07713
  0.57893	0.07305	0.14134	0.20668
  0.10113	0.26149	0.14641	0.49097

MOTIF M0188_1.02 SREBF1

letter-probability matrix: alength= 4 w= 9
  0.57117	0.1108	0.31662	0.00142
  0.1602	0.13651	0.06012	0.64317
  0.0853	0.81748	0.09715	7e-05
  0.71164	0.0	0.1901	0.09826
  0.02717	0.61532	0.14433	0.21318
  0.15834	0.30636	0.46626	0.06904
  0.13962	0.44093	2e-05	0.41943
  0.07016	0.21938	0.5396	0.17086
  0.55648	0.09479	0.15785	0.19088

MOTIF M0189_1.02 ID2

letter-probability matrix: alength= 4 w= 8
  0.27772	0.16685	0.49945	0.05599
  0.00037	0.99889	0.00037	0.00037
  0.999	0.00033	0.00033	0.00033
  0.00033	0.999	0.00033	0.00033
  0.00033	0.00033	0.999	0.00033
  0.00033	0.00033	0.00033	0.999
  0.00034	0.00034	0.99897	0.00034
  0.49955	0.04583	0.27269	0.18194

MOTIF M0190_1.02 SREBF1

letter-probability matrix: alength= 4 w= 8
  0.07745	0.00077	0.00077	0.92101
  0.00059	0.70481	0.29401	0.00059
  0.41138	0.00059	0.58744	0.00059
  0.00059	0.82218	0.11796	0.05927
  0.00059	0.00059	0.99824	0.00059
  0.00059	0.05927	0.00059	0.93955
  0.00059	0.00059	0.99824	0.00059
  0.84433	0.00077	0.07745	0.07745

MOTIF M0191_1.02 HES2

letter-probability matrix: alength= 4 w= 10
  0.18719	0.25779	0.37696	0.17806
  0.20885	0.29935	0.39607	0.09574
  0.04019	0.87453	0.01421	0.07107
  0.74295	0.03347	0.14126	0.08232
  0.02922	0.83294	0.05598	0.08186
  0.16483	0.04065	0.76886	0.02566
  0.11579	0.46955	0.06681	0.34785
  0.05821	0.11262	0.66117	0.16801
  0.22595	0.30196	0.15146	0.32063
  0.21714	0.38396	0.19845	0.20045

MOTIF M0192_1.02 HES7

letter-probability matrix: alength= 4 w= 10
  0.22728	0.17525	0.3979	0.19958
  0.34798	0.1548	0.3377	0.15952
  0.14451	0.79898	0.03356	0.02295
  0.23458	0.08291	0.52208	0.16042
  0.02807	0.82445	0.0254	0.12208
  0.03161	0.017	0.94707	0.00432
  0.04549	0.04641	0.02149	0.88662
  0.01082	0.00491	0.96435	0.01991
  0.09575	0.41644	0.24268	0.24512
  0.15986	0.44333	0.20733	0.18948

MOTIF M0193_1.02 TFE3

letter-probability matrix: alength= 4 w= 8
  0.27939	0.07363	0.63213	0.01484
  0.02711	0.04512	0.07214	0.85564
  7e-05	0.99978	7e-05	7e-05
  0.85057	0.03738	0.02992	0.08214
  7e-05	0.82819	0.04484	0.1269
  0.10452	0.02246	0.87295	7e-05
  0.17358	0.14053	0.05791	0.62797
  9e-05	9e-05	0.99047	0.00935

MOTIF M0194_1.02 BHLHE23

letter-probability matrix: alength= 4 w= 10
  0.3612	0.18301	0.27277	0.18301
  0.13891	0.65166	0.13487	0.07456
  5e-05	0.99986	5e-05	5e-05
  0.99986	5e-05	5e-05	5e-05
  5e-05	5e-05	5e-05	0.99986
  0.99986	5e-05	5e-05	5e-05
  5e-05	5e-05	5e-05	0.99986
  5e-05	5e-05	0.99986	5e-05
  0.06703	0.29856	0.22054	0.41387
  0.17549	0.23627	0.17549	0.41275

MOTIF M0195_1.02 TCF21

letter-probability matrix: alength= 4 w= 10
  0.34992	0.14677	0.27856	0.22475
  0.357	0.41736	0.1735	0.05214
  0.13951	0.82786	0.032	0.00063
  0.72459	0.0	0.22764	0.04776
  0.06445	0.12618	0.29408	0.51528
  0.51528	0.29408	0.12618	0.06445
  0.04776	0.22764	0.0	0.72459
  0.00063	0.032	0.82786	0.13951
  0.05214	0.1735	0.41736	0.357
  0.22475	0.27856	0.14677	0.34992

MOTIF M0196_1.02 CLOCK

letter-probability matrix: alength= 4 w= 10
  0.27331	0.17653	0.29275	0.2574
  0.15419	0.37725	0.42035	0.04822
  0.00023	0.99932	0.00023	0.00023
  0.99932	0.00023	0.00023	0.00023
  0.0811	0.91845	0.00023	0.00023
  0.0811	0.00023	0.91845	0.00023
  0.00023	0.00023	0.00023	0.99932
  0.0811	0.00023	0.91845	0.00023
  0.0737	0.17218	0.18767	0.56646
  0.29706	0.29893	0.20201	0.20201

MOTIF M0197_1.02 USF2

letter-probability matrix: alength= 4 w= 11
  0.23391	0.23391	0.23391	0.29828
  0.45962	0.12376	0.29286	0.12376
  0.01773	0.17197	0.15312	0.65719
  0.00013	0.9996	0.00013	0.00013
  0.9996	0.00013	0.00013	0.00013
  0.0645	0.93523	0.00013	0.00013
  0.00013	0.00013	0.93523	0.0645
  0.0645	0.00013	0.00013	0.93523
  0.01623	0.01623	0.95132	0.01623
  0.33077	0.19619	0.34667	0.12637
  0.23241	0.23241	0.30277	0.23241

MOTIF M0198_1.02 SOHLH2

letter-probability matrix: alength= 4 w= 10
  0.31417	0.21919	0.24962	0.21701
  0.20922	0.17475	0.43414	0.18189
  0.15917	0.3876	0.10251	0.35072
  0.254	0.37892	0.18629	0.18079
  0.13111	0.76974	0.02647	0.07268
  0.07565	0.02985	0.89434	0.00016
  0.10974	0.02473	0.07068	0.79484
  0.00043	0.09266	0.89694	0.00996
  0.17124	0.57424	0.13742	0.1171
  0.29143	0.19149	0.30333	0.21375

MOTIF M0199_1.02 HES2

letter-probability matrix: alength= 4 w= 13
  0.21425	0.21425	0.21425	0.35726
  0.34105	0.19724	0.19724	0.26447
  0.34105	0.19724	0.19724	0.26447
  0.24538	0.3327	0.24458	0.17735
  0.08293	0.15232	0.68183	0.08293
  0.60296	0.00016	0.39672	0.00016
  0.28152	0.71817	0.00016	0.00016
  0.93013	0.00016	0.06956	0.00016
  0.17426	0.75392	0.03591	0.03591
  0.12323	0.05292	0.77093	0.05292
  0.05292	0.05292	0.05292	0.84124
  0.14313	0.07281	0.71125	0.07281
  0.23755	0.42799	0.16723	0.16723

MOTIF M0200_1.02 CLOCK

letter-probability matrix: alength= 4 w= 10
  0.23996	0.20031	0.33656	0.22317
  0.29328	0.32074	0.25277	0.13321
  0.16218	0.77456	0.02811	0.03514
  0.71312	0.05446	0.17328	0.05914
  0.02794	0.67439	0.04768	0.24999
  0.24999	0.04768	0.67439	0.02794
  0.05914	0.17328	0.05446	0.71312
  0.03514	0.02811	0.77456	0.16218
  0.13321	0.25277	0.32074	0.29328
  0.22317	0.33656	0.20031	0.23996

MOTIF M0201_1.02 TFE3

letter-probability matrix: alength= 4 w= 10
  0.31742	0.18342	0.3336	0.16556
  0.19082	0.21231	0.22154	0.37533
  0.06519	0.84282	0.03921	0.05278
  0.67363	0.06957	0.11074	0.14605
  0.02003	0.79882	0.03888	0.14227
  0.14227	0.03888	0.79882	0.02003
  0.14605	0.11074	0.06957	0.67363
  0.05278	0.03921	0.84282	0.06519
  0.37533	0.22154	0.21231	0.19082
  0.16556	0.3336	0.18342	0.31742

MOTIF M0202_1.02 TFE3

letter-probability matrix: alength= 4 w= 10
  0.28097	0.20402	0.28952	0.22548
  0.38858	0.10804	0.40851	0.09487
  0.10849	0.14212	0.14354	0.60585
  0.027	0.95882	0.01142	0.00276
  0.77523	0.08851	0.03746	0.09881
  0.01681	0.65979	0.09481	0.22859
  0.19176	0.06915	0.7107	0.0284
  0.25152	0.1901	0.13531	0.42307
  0.05392	0.05841	0.78643	0.10124
  0.24058	0.21769	0.31516	0.22657

MOTIF M0203_1.02 FIGLA

letter-probability matrix: alength= 4 w= 9
  0.25058	0.38138	0.19321	0.17483
  0.01338	0.98643	0.00015	4e-05
  0.91799	0.03319	0.04013	0.00869
  0.00839	0.39823	0.5708	0.02258
  0.04618	0.31499	0.628	0.01083
  0.00117	0.02207	1e-05	0.97676
  0.05983	0.01403	0.88137	0.04477
  0.17648	0.21772	0.30896	0.29684
  0.27283	0.16714	0.2062	0.35384

MOTIF M0204_1.02 BHLHE41

letter-probability matrix: alength= 4 w= 9
  0.19487	0.24282	0.40436	0.15796
  0.07846	0.05641	0.40449	0.46064
  0.00025	0.99951	0.00014	0.0001
  0.85207	0.02787	0.05613	0.06392
  0.00575	0.92466	0.02309	0.0465
  0.07919	0.02433	0.89054	0.00594
  0.08642	0.14681	0.0955	0.67127
  0.02626	0.02961	0.78685	0.15728
  0.32386	0.28438	0.09279	0.29896

MOTIF M0205_1.02 BHLHE41

letter-probability matrix: alength= 4 w= 8
  0.2679	0.21934	0.22829	0.28447
  0.22226	0.52	0.14172	0.11603
  0.42571	0.15818	0.22673	0.18938
  0.10625	0.60533	0.07871	0.20972
  0.11811	0.04899	0.82187	0.01104
  0.00099	0.03729	0.0	0.96172
  0.0536	0.00023	0.88137	0.06481
  0.31893	0.35602	0.12967	0.19539

MOTIF M0206_1.02 BHLHE41

letter-probability matrix: alength= 4 w= 9
  0.33129	0.18001	0.2358	0.2529
  0.19452	0.59026	0.13039	0.08482
  0.36169	0.13174	0.34405	0.16252
  0.02416	0.80822	0.05378	0.11384
  0.05475	0.03321	0.9094	0.00265
  0.01942	0.01055	0.02021	0.94982
  0.00205	0.00051	0.98211	0.01533
  0.43632	0.4633	0.03177	0.06861
  0.14225	0.40651	0.21435	0.23689

MOTIF M0207_1.02 TCF3

letter-probability matrix: alength= 4 w= 9
  0.24598	0.35257	0.30044	0.10101
  0.05881	0.91999	0.00102	0.02017
  0.87265	0.04345	0.04216	0.04174
  0.03207	0.13671	0.77888	0.05234
  0.25232	0.14269	0.57865	0.02633
  0.0035	0.02138	0.00016	0.97496
  0.04821	0.00846	0.93032	0.01301
  0.09125	0.30294	0.24312	0.36269
  0.2231	0.22088	0.27523	0.28079

MOTIF M0208_1.02 TFE3

letter-probability matrix: alength= 4 w= 10
  0.27427	0.19328	0.31235	0.22011
  0.39756	0.08107	0.4619	0.05946
  0.07745	0.0946	0.10045	0.72751
  0.0066	0.9888	0.00274	0.00187
  0.88151	0.05202	0.01598	0.05048
  0.00813	0.72484	0.0734	0.19363
  0.15639	0.03286	0.79817	0.01258
  0.23834	0.19127	0.10926	0.46114
  0.02778	0.02834	0.88388	0.06
  0.24512	0.21524	0.34095	0.19869

MOTIF M0209_1.02 MYF6

letter-probability matrix: alength= 4 w= 9
  0.28948	0.25419	0.26991	0.18643
  0.05259	0.77474	0.05207	0.12061
  0.53315	0.10551	0.23248	0.12887
  0.26654	0.30053	0.26127	0.17166
  0.19021	0.45859	0.17384	0.17735
  0.0006	0.00038	0.00031	0.99871
  0.00177	0.00213	0.86984	0.12626
  0.2345	0.16525	0.14656	0.4537
  0.01834	0.46837	0.07219	0.4411

MOTIF M0210_1.02 MYF6

letter-probability matrix: alength= 4 w= 9
  0.59722	0.00198	0.39881	0.00198
  0.88606	0.00111	0.00111	0.11173
  0.001	0.99701	0.001	0.001
  0.99701	0.001	0.001	0.001
  0.00111	0.00111	0.77544	0.22235
  0.22235	0.5542	0.00111	0.22235
  0.00111	0.00111	0.00111	0.99668
  0.00111	0.00111	0.99668	0.00111
  0.39881	0.2004	0.00198	0.39881

MOTIF M0211_1.02 MLXIP

letter-probability matrix: alength= 4 w= 8
  0.05305	0.26313	0.42069	0.26313
  0.0004	0.9988	0.0004	0.0004
  0.9988	0.0004	0.0004	0.0004
  0.0004	0.9988	0.0004	0.0004
  0.0004	0.0004	0.9988	0.0004
  0.0004	0.0004	0.0004	0.9988
  0.0004	0.0004	0.9988	0.0004
  0.18766	0.06297	0.25	0.49938

MOTIF M0212_1.02 TCFL5

letter-probability matrix: alength= 4 w= 10
  0.26332	0.2026	0.30795	0.22613
  0.11314	0.22668	0.36443	0.29575
  0.05815	0.87421	0.01694	0.0507
  0.3722	0.06447	0.3364	0.22693
  0.00622	0.90391	0.0185	0.07136
  0.07136	0.0185	0.90391	0.00622
  0.22693	0.3364	0.06447	0.3722
  0.0507	0.01694	0.87421	0.05815
  0.29575	0.36443	0.22668	0.11314
  0.22613	0.30795	0.2026	0.26332

MOTIF M0213_1.02 BHLHE23

letter-probability matrix: alength= 4 w= 11
  0.20178	0.29598	0.30045	0.20178
  0.27493	0.07992	0.07992	0.56523
  0.73189	0.12071	0.02437	0.12304
  0.18982	0.51789	0.0003	0.29198
  0.19517	0.61467	0.0003	0.18986
  0.8097	0.0003	0.0003	0.18969
  0.0003	0.19448	0.09349	0.71173
  0.90591	0.0003	0.0003	0.09349
  0.24367	0.14472	0.23706	0.37455
  0.17038	0.17038	0.39266	0.26658
  0.22593	0.22593	0.32221	0.22593

MOTIF M0214_1.02 TCF21

letter-probability matrix: alength= 4 w= 9
  0.74505	0.00248	0.25	0.00248
  0.74751	0.25	0.00124	0.00124
  0.00124	0.99627	0.00124	0.00124
  0.99627	0.00124	0.00124	0.00124
  0.00124	0.00124	0.37438	0.62313
  0.62313	0.37438	0.00124	0.00124
  0.00124	0.00124	0.00124	0.99627
  0.00124	0.00124	0.99627	0.00124
  0.00248	0.00248	0.49752	0.49752

MOTIF M0215_1.02 HES5

letter-probability matrix: alength= 4 w= 10
  0.21688	0.2232	0.38444	0.17548
  0.34559	0.22034	0.34803	0.08603
  0.07089	0.89827	0.01803	0.01281
  0.58788	0.08679	0.23704	0.08829
  0.02263	0.82118	0.05259	0.10359
  0.10359	0.05259	0.82118	0.02263
  0.08829	0.23704	0.08679	0.58788
  0.01281	0.01803	0.89827	0.07089
  0.08603	0.34803	0.22034	0.34559
  0.17548	0.38444	0.2232	0.21688

MOTIF M0216_1.02 LYL1

letter-probability matrix: alength= 4 w= 10
  0.28277	0.30552	0.17195	0.23976
  0.03763	0.03763	0.67413	0.25062
  0.00018	0.86273	0.00018	0.13691
  0.93054	0.00018	0.06911	0.00018
  0.07113	0.07741	0.71454	0.13691
  0.14522	0.71454	0.06911	0.07113
  0.00018	0.06798	0.00018	0.93166
  0.07741	0.00018	0.92223	0.00018
  0.15245	0.30187	0.07822	0.46745
  0.28148	0.21255	0.29342	0.21255

MOTIF M0217_1.02 NEUROG3

letter-probability matrix: alength= 4 w= 10
  0.4248	0.11348	0.23548	0.22624
  0.16964	0.59209	0.17134	0.06693
  0.27136	0.68778	0.02694	0.01392
  0.66511	0.03481	0.18678	0.11329
  0.00137	0.0643	0.14311	0.79122
  0.79389	0.14075	0.05609	0.00927
  0.07571	0.15095	0.01056	0.76277
  0.01168	0.0009	0.86971	0.1177
  0.03863	0.15052	0.42163	0.38921
  0.09176	0.27021	0.23491	0.40311

MOTIF M0218_1.02 BHLHA15

letter-probability matrix: alength= 4 w= 8
  0.14316	0.57051	0.28561	0.00071
  0.0005	0.9985	0.0005	0.0005
  0.9985	0.0005	0.0005	0.0005
  0.0005	0.0005	0.2001	0.7989
  0.7989	0.2001	0.0005	0.0005
  0.0005	0.0005	0.0005	0.9985
  0.0005	0.0005	0.9985	0.0005
  0.00077	0.23083	0.15414	0.61426

MOTIF M0219_1.02 TCF3

letter-probability matrix: alength= 4 w= 9
  0.24104	0.33527	0.30035	0.12334
  0.07988	0.88937	0.00876	0.02199
  0.8483	0.07619	0.04575	0.02976
  0.02162	0.16962	0.76017	0.0486
  0.25821	0.17309	0.54664	0.02206
  0.02643	0.03359	0.01074	0.92924
  0.02783	0.01482	0.90349	0.05385
  0.12462	0.3096	0.24354	0.32224
  0.22323	0.24182	0.27816	0.25678

MOTIF M0220_1.02 ARNTL2

letter-probability matrix: alength= 4 w= 10
  0.25093	0.22933	0.26117	0.25857
  0.24591	0.12458	0.55834	0.07116
  0.06169	0.04391	0.14289	0.75151
  0.00273	0.99715	4e-05	8e-05
  0.95302	0.01611	0.01017	0.02069
  0.00194	0.96503	0.00941	0.02362
  0.04806	0.00267	0.94617	0.0031
  0.05402	0.05794	0.05139	0.83665
  0.00943	0.00411	0.93832	0.04814
  0.25514	0.3309	0.14574	0.26822

MOTIF M0221_1.02 MAX

letter-probability matrix: alength= 4 w= 9
  0.18866	0.36502	0.26506	0.18126
  0.16111	0.70773	0.07534	0.05582
  0.5537	0.0645	0.27222	0.10958
  0.01638	0.81751	0.07642	0.08968
  0.28038	0.06914	0.64947	0.00101
  0.05898	0.00622	0.03048	0.90432
  0.00016	1e-05	0.99981	2e-05
  0.19447	0.25475	0.33371	0.21708
  0.17808	0.27375	0.23328	0.31489

MOTIF M0222_1.02 MAX

letter-probability matrix: alength= 4 w= 9
  0.35198	0.20307	0.23359	0.21136
  0.22795	0.29269	0.23489	0.24447
  0.16697	0.7335	0.05448	0.04505
  0.61906	0.04418	0.23942	0.09734
  0.00765	0.8497	0.05487	0.08778
  0.33023	0.02907	0.63892	0.00179
  0.10174	0.02054	0.02159	0.85613
  0.00039	5e-05	0.96881	0.03076
  0.18708	0.24507	0.3548	0.21305

MOTIF M0223_1.02 MAX

letter-probability matrix: alength= 4 w= 9
  0.2896	0.24189	0.28386	0.18465
  0.20894	0.3923	0.2153	0.18347
  0.19023	0.67064	0.08463	0.0545
  0.48208	0.08895	0.3136	0.11537
  0.01536	0.79782	0.06748	0.11933
  0.28991	0.04745	0.65825	0.00439
  0.05234	0.0215	0.01216	0.914
  0.00012	2e-05	0.99978	8e-05
  0.17408	0.30475	0.32685	0.19432

MOTIF M0224_1.02 NEUROD4

letter-probability matrix: alength= 4 w= 10
  0.29412	0.20253	0.30083	0.20253
  0.30348	0.5003	0.09811	0.09811
  1e-05	0.99997	1e-05	1e-05
  0.99997	1e-05	1e-05	1e-05
  1e-05	1e-05	0.08792	0.91206
  0.91206	0.08792	1e-05	1e-05
  1e-05	1e-05	1e-05	0.99997
  1e-05	1e-05	0.99997	1e-05
  0.04748	0.11865	0.16818	0.66569
  0.1519	0.24346	0.22152	0.38312

MOTIF M0225_1.02 USF2

letter-probability matrix: alength= 4 w= 10
  0.32635	0.17568	0.32229	0.17568
  0.05483	0.11701	0.05483	0.77333
  2e-05	0.99994	2e-05	2e-05
  0.99994	2e-05	2e-05	2e-05
  2e-05	0.99994	2e-05	2e-05
  2e-05	2e-05	0.99994	2e-05
  2e-05	2e-05	2e-05	0.99994
  2e-05	2e-05	0.99994	2e-05
  0.20216	0.17704	0.37006	0.25075
  0.19519	0.19519	0.25665	0.35297

MOTIF M0227_1.02 MAX

letter-probability matrix: alength= 4 w= 8
  0.08333	0.66667	0.25	0.0
  0.0	1.0	0.0	0.0
  1.0	0.0	0.0	0.0
  0.0	1.0	0.0	0.0
  0.0	0.0	1.0	0.0
  0.0	0.0	0.0	1.0
  0.0	0.0	1.0	0.0
  0.09091	0.18182	0.09091	0.63636

MOTIF M0228_1.02 TFAP4

letter-probability matrix: alength= 4 w= 9
  1.0	0.0	0.0	0.0
  0.0	0.0	0.0	1.0
  0.0	1.0	0.0	0.0
  1.0	0.0	0.0	0.0
  0.0	0.0	1.0	0.0
  0.0	1.0	0.0	0.0
  0.0	0.0	0.0	1.0
  0.0	0.0	1.0	0.0
  1.0	0.0	0.0	0.0

MOTIF M0240_1.02 TFE3

letter-probability matrix: alength= 4 w= 8
  0.0	0.0	0.0	1.0
  0.0	1.0	0.0	0.0
  1.0	0.0	0.0	0.0
  0.0	1.0	0.0	0.0
  0.0	0.0	1.0	0.0
  0.0	0.0	0.0	1.0
  0.0	0.0	1.0	0.0
  0.66667	0.0	0.0	0.33333

MOTIF M0274_1.02 CEBPE

letter-probability matrix: alength= 4 w= 9
  0.44994	0.17931	0.29563	0.07512
  0.10017	0.0713	0.0347	0.79383
  0.09431	0.06385	0.14498	0.69686
  0.30658	0.00639	0.46661	0.22041
  0.11937	0.59126	0.08246	0.20691
  0.26761	0.13831	0.44121	0.15286
  0.2655	0.31157	0.09865	0.32428
  0.47485	0.26587	0.12187	0.13741
  0.55495	0.14974	0.13148	0.16384

MOTIF M0290_1.02 MAFF

letter-probability matrix: alength= 4 w= 10
  0.318	0.16936	0.21316	0.29948
  0.33574	0.13247	0.15701	0.37478
  0.31184	0.16944	0.11022	0.4085
  0.22484	0.18408	0.19352	0.39757
  0.11063	0.2537	0.05385	0.58182
  0.12155	0.11221	0.54476	0.22148
  0.18536	0.47929	0.12425	0.2111
  0.23599	0.22449	0.17309	0.36643
  0.22533	0.18083	0.35695	0.23689
  0.3644	0.20608	0.22549	0.20403

MOTIF M0291_1.02 XBP1

letter-probability matrix: alength= 4 w= 10
  0.23069	0.18699	0.32736	0.25495
  0.34439	0.21959	0.24512	0.1909
  0.19573	0.23669	0.11872	0.44887
  0.12407	0.19654	0.42448	0.2549
  0.87506	0.00029	0.12203	0.00262
  0.04991	0.72068	0.00122	0.22819
  0.19056	0.05193	0.56114	0.19636
  0.2111	0.24041	0.13596	0.41254
  0.27001	0.13679	0.35371	0.23948
  0.20484	0.19291	0.2936	0.30865

MOTIF M0292_1.02 XBP1

letter-probability matrix: alength= 4 w= 9
  0.25739	0.19846	0.31125	0.2329
  0.25443	0.24939	0.11663	0.37956
  0.17301	0.2581	0.31841	0.25047
  0.74874	0.00018	0.0233	0.22778
  9e-05	0.99985	0.0	6e-05
  0.19137	0.09223	0.7164	0.0
  0.0	0.28045	0.00159	0.71795
  0.30463	0.16063	0.39509	0.13965
  0.19397	0.16529	0.30117	0.33957

MOTIF M0293_1.02 DBP

letter-probability matrix: alength= 4 w= 10
  0.20915	0.19895	0.27674	0.31516
  0.39331	0.15364	0.3704	0.08265
  0.06796	0.0451	0.05908	0.82787
  0.03638	0.04911	0.16144	0.75306
  0.64507	0.03055	0.23261	0.09178
  0.07748	0.54458	0.0574	0.32054
  0.25294	0.16454	0.47969	0.10284
  0.17473	0.25297	0.12944	0.44286
  0.36809	0.24428	0.2255	0.16212
  0.44021	0.17196	0.1978	0.19004

MOTIF M0294_1.02 CREM

letter-probability matrix: alength= 4 w= 10
  0.2606	0.19306	0.2909	0.25544
  0.29793	0.20374	0.26161	0.23672
  0.17485	0.16632	0.24565	0.41319
  0.18621	0.17713	0.39028	0.24638
  0.44574	0.11214	0.28139	0.16073
  0.17187	0.42273	0.1825	0.2229
  0.25603	0.10001	0.48072	0.16325
  0.26805	0.18515	0.23537	0.31143
  0.3402	0.18301	0.27853	0.19825
  0.33661	0.15125	0.27014	0.242

MOTIF M0295_1.02 CREM

letter-probability matrix: alength= 4 w= 8
  0.46227	0.08609	0.38704	0.0646
  0.02369	0.01582	8e-05	0.96041
  7e-05	0.02196	0.80276	0.1752
  0.99979	7e-05	7e-05	7e-05
  7e-05	0.99979	7e-05	7e-05
  0.00711	7e-05	0.99275	7e-05
  0.09015	0.19822	9e-05	0.71155
  0.59983	0.13756	0.16254	0.10007

MOTIF M0296_1.02 FOSL2

letter-probability matrix: alength= 4 w= 11
  0.2324	0.2324	0.2324	0.3028
  0.2324	0.2324	0.3028	0.2324
  0.61034	0.10312	0.18342	0.10312
  0.00011	0.00011	0.00011	0.99968
  0.00011	0.00011	0.93731	0.06247
  0.99968	0.00011	0.00011	0.00011
  0.00011	0.99968	0.00011	0.00011
  0.00011	0.00011	0.51329	0.48649
  0.01771	0.56616	0.01771	0.39843
  0.62852	0.26185	0.09191	0.01771
  0.32784	0.25441	0.14699	0.27076

MOTIF M0297_1.02 CREM

letter-probability matrix: alength= 4 w= 9
  0.35746	0.17055	0.36105	0.11094
  0.01654	0.10947	0.06508	0.8089
  0.00121	0.08911	0.66503	0.24465
  0.78387	0.02415	0.12828	0.0637
  0.0327	0.83486	0.00248	0.12997
  0.11281	0.04679	0.77723	0.06316
  0.1521	0.24581	0.08688	0.5152
  0.33813	0.26334	0.22893	0.1696
  0.29014	0.19255	0.25477	0.26253

MOTIF M0298_1.02 JDP2

letter-probability matrix: alength= 4 w= 9
  0.18017	0.24565	0.22905	0.34513
  0.18082	0.14657	0.45829	0.21433
  0.55688	0.11356	0.23565	0.09391
  0.02021	0.00072	0.00033	0.97875
  0.08448	0.05606	0.64321	0.21626
  0.85438	0.00026	0.03089	0.11448
  0.07804	0.66999	0.03336	0.21861
  0.23007	0.13274	0.46331	0.17388
  0.21707	0.25219	0.20038	0.33036

MOTIF M0299_1.02 JDP2

letter-probability matrix: alength= 4 w= 8
  0.08724	0.13064	0.69488	0.08724
  0.82791	0.00029	0.17152	0.00029
  0.00024	0.00024	0.00024	0.99929
  0.00024	0.00024	0.95171	0.04781
  0.99929	0.00024	0.00024	0.00024
  0.00024	0.99929	0.00024	0.00024
  0.10826	0.00027	0.81021	0.08126
  0.09697	0.19362	0.03254	0.67687

MOTIF M0300_1.02 ATF2

letter-probability matrix: alength= 4 w= 10
  0.29187	0.18425	0.27764	0.24624
  0.5302	0.13339	0.27403	0.06238
  0.03563	0.06238	0.00124	0.90075
  0.0738	0.08238	0.5563	0.28753
  0.75793	0.02581	0.12529	0.09098
  0.08468	0.63836	0.08468	0.19227
  0.15691	0.06508	0.71027	0.06774
  0.11714	0.16623	0.06895	0.64767
  0.36863	0.4074	0.10249	0.12148
  0.48934	0.12434	0.18736	0.19895

MOTIF M0301_1.02 FOSL2

letter-probability matrix: alength= 4 w= 8
  0.04384	0.13064	0.69488	0.13064
  0.96682	0.00032	0.03254	0.00032
  0.00029	0.02967	0.00029	0.96974
  0.00029	0.00029	0.99912	0.00029
  0.96974	0.00029	0.00029	0.02967
  0.00029	0.99912	0.00029	0.00029
  0.14301	0.00036	0.60663	0.25
  0.15809	0.36817	0.05305	0.42069

MOTIF M0302_1.02 JDP2

letter-probability matrix: alength= 4 w= 10
  0.22616	0.2026	0.35825	0.21299
  0.46084	0.13742	0.36983	0.03191
  0.00417	0.01318	0.00161	0.98103
  0.04427	0.03698	0.74277	0.17598
  0.9878	0.00032	0.00022	0.01165
  0.04116	0.63738	0.12364	0.19782
  0.16679	0.10742	0.49609	0.2297
  0.20317	0.29413	0.13619	0.36651
  0.36659	0.27706	0.22013	0.13622
  0.35048	0.20221	0.21471	0.2326

MOTIF M0303_1.02 JDP2

letter-probability matrix: alength= 4 w= 10
  0.2332	0.2332	0.3004	0.2332
  0.50798	0.16401	0.16401	0.16401
  4e-05	4e-05	4e-05	0.99987
  4e-05	4e-05	0.94861	0.0513
  0.99987	4e-05	4e-05	4e-05
  4e-05	0.99987	4e-05	4e-05
  4e-05	4e-05	0.76673	0.23319
  4e-05	0.28188	4e-05	0.71804
  0.51676	0.39665	0.06974	0.01684
  0.61365	0.13642	0.08604	0.16389

MOTIF M0304_1.02 CEBPE

letter-probability matrix: alength= 4 w= 10
  0.41759	0.19337	0.28985	0.09918
  0.07093	0.10576	0.0691	0.75421
  0.07598	0.046	0.22847	0.64955
  0.34849	0.03751	0.33467	0.27933
  0.12658	0.52062	0.10718	0.24562
  0.24562	0.10718	0.52062	0.12658
  0.27933	0.33467	0.03751	0.34849
  0.64955	0.22847	0.046	0.07598
  0.75421	0.0691	0.10576	0.07093
  0.09918	0.28985	0.19337	0.41759

MOTIF M0305_1.02 CREB3L3

letter-probability matrix: alength= 4 w= 9
  0.00248	0.00248	0.74505	0.25
  0.25	0.62313	0.00124	0.12562
  0.00124	0.87189	0.12562	0.00124
  0.99627	0.00124	0.00124	0.00124
  0.00124	0.99627	0.00124	0.00124
  0.00124	0.00124	0.99627	0.00124
  0.00124	0.00124	0.00124	0.99627
  0.00142	0.14347	0.85369	0.00142
  0.25	0.00248	0.25	0.49752

MOTIF M0306_1.02 ATF4

letter-probability matrix: alength= 4 w= 13
  0.22595	0.32214	0.22595	0.22595
  0.27545	0.27262	0.17926	0.27267
  0.41988	0.22585	0.22384	0.13043
  0.14367	0.14162	0.15086	0.56386
  0.11739	0.11944	0.15277	0.6104
  0.60771	0.00024	0.28921	0.10284
  0.09365	0.71335	0.00024	0.19276
  0.19097	0.09365	0.52205	0.19333
  0.2203	0.31192	0.02429	0.44349
  0.56291	0.19972	0.16639	0.07098
  0.34592	0.31757	0.1198	0.21671
  0.29714	0.29889	0.20198	0.20198
  0.22621	0.22621	0.22621	0.32137

MOTIF M0307_1.02 ENSG00000250542

letter-probability matrix: alength= 4 w= 8
  0.49876	0.12562	0.00124	0.37438
  0.49876	0.00124	0.00124	0.49876
  0.99668	0.00111	0.00111	0.00111
  0.00111	0.99668	0.00111	0.00111
  0.00111	0.00111	0.99668	0.00111
  0.00111	0.00111	0.00111	0.99668
  0.49876	0.00124	0.00124	0.49876
  0.2004	0.00198	0.39881	0.39881

MOTIF M0308_1.02 MAFF

letter-probability matrix: alength= 4 w= 10
  0.21024	0.24183	0.40272	0.14522
  0.1378	0.11742	0.1272	0.61757
  0.25296	0.53019	0.05875	0.1581
  0.59552	0.08473	0.14394	0.17581
  0.13496	0.01737	0.66181	0.18586
  0.08567	0.7209	0.10155	0.09188
  0.53845	0.04934	0.25948	0.15273
  0.32024	0.20625	0.18662	0.28689
  0.32477	0.15651	0.18738	0.33134
  0.30683	0.19177	0.15545	0.34595

MOTIF M0309_1.02 ATF2

letter-probability matrix: alength= 4 w= 10
  0.26	0.1814	0.31128	0.24732
  0.57752	0.12136	0.28967	0.01146
  2e-05	0.05572	1e-05	0.94425
  0.0746	0.06107	0.57945	0.28488
  0.85275	0.00598	0.14096	0.00031
  7e-05	0.83472	3e-05	0.16519
  0.16955	0.07543	0.69449	0.06053
  0.13312	0.12663	0.08747	0.65279
  0.37199	0.44093	0.1024	0.08468
  0.52711	0.11999	0.17027	0.18262

MOTIF M0310_1.02 CEBPE

letter-probability matrix: alength= 4 w= 8
  0.01364	0.01364	0.01364	0.95908
  0.00013	0.00013	0.12664	0.8731
  0.1393	0.00013	0.80984	0.05073
  0.02543	0.8731	0.01278	0.08869
  0.36358	0.03907	0.59722	0.00013
  0.45702	0.22858	0.00014	0.31425
  0.69326	0.19358	0.00016	0.11299
  0.99933	0.00022	0.00022	0.00022

MOTIF M0311_1.02 JUND

letter-probability matrix: alength= 4 w= 9
  0.4507	0.15378	0.15378	0.24175
  0.00026	0.0902	0.08823	0.82131
  0.0902	0.00026	0.64323	0.26631
  0.8212	0.00026	0.08823	0.09031
  0.00026	0.90917	0.00026	0.09031
  0.08823	0.00026	0.58938	0.32213
  0.0924	0.50603	0.00026	0.40131
  0.77625	0.13329	0.00026	0.0902
  0.40883	0.09649	0.18642	0.30826

MOTIF M0312_1.02 JUND

letter-probability matrix: alength= 4 w= 8
  0.14286	0.14286	0.14286	0.57143
  0.14286	0.14286	0.57143	0.14286
  0.57143	0.14286	0.14286	0.14286
  0.14286	0.57143	0.14286	0.14286
  0.14286	0.14286	0.28571	0.42857
  0.14286	0.42857	0.14286	0.28571
  0.42857	0.28571	0.14286	0.14286
  0.33333	0.16667	0.16667	0.33333

MOTIF M0313_1.02 CEBPG

letter-probability matrix: alength= 4 w= 10
  0.23188	0.20158	0.28894	0.27761
  0.44588	0.17073	0.31737	0.06603
  0.06415	0.04215	0.04705	0.84664
  0.02718	0.05528	0.14293	0.77461
  0.30486	0.00015	0.49268	0.20232
  0.08758	0.67355	0.07768	0.16119
  0.30245	0.16434	0.37688	0.15632
  0.23488	0.3139	0.13417	0.31705
  0.39174	0.28163	0.16087	0.16577
  0.46613	0.18391	0.17148	0.17848

MOTIF M0314_1.02 CEBPE

letter-probability matrix: alength= 4 w= 10
  0.35054	0.19626	0.3078	0.1454
  0.10001	0.09803	0.09902	0.70294
  0.10147	0.066	0.3686	0.46393
  0.34696	0.06466	0.29272	0.29566
  0.12706	0.41351	0.12087	0.33856
  0.11399	0.06194	0.73962	0.08445
  0.19383	0.48153	0.00185	0.32278
  0.88411	0.07629	0.03568	0.00391
  0.88572	0.02083	0.03333	0.06012
  0.10751	0.28933	0.21649	0.38667

MOTIF M0315_1.02 CEBPE

letter-probability matrix: alength= 4 w= 10
  0.43171	0.20805	0.2982	0.06204
  0.00077	0.0002	0.00019	0.99884
  0.00029	0.00017	3e-05	0.99951
  0.28062	0.00048	0.58231	0.13659
  0.08803	0.75569	0.0455	0.11079
  0.25843	0.12086	0.52564	0.09507
  0.24424	0.41082	0.02498	0.31995
  0.64324	0.29486	0.02469	0.03721
  0.84775	0.04527	0.06172	0.04527
  0.11026	0.29378	0.18732	0.40864

MOTIF M0316_1.02 NFIL3

letter-probability matrix: alength= 4 w= 10
  0.17646	0.17297	0.28804	0.36253
  0.56091	0.0965	0.3204	0.02219
  0.01153	0.00821	0.00284	0.97742
  0.00143	0.01008	0.16743	0.82105
  0.85732	0.00013	0.12197	0.02057
  0.03137	0.69636	0.04277	0.22949
  0.23629	0.15998	0.52586	0.07787
  0.16751	0.23299	0.14417	0.45533
  0.39583	0.29323	0.17786	0.13308
  0.54545	0.12923	0.16429	0.16103

MOTIF M0317_1.02 DBP

letter-probability matrix: alength= 4 w= 10
  0.21419	0.22744	0.25136	0.30701
  0.38824	0.19669	0.362	0.05307
  0.09321	0.08434	0.07632	0.74613
  0.06169	0.04524	0.18532	0.70775
  0.64448	0.03546	0.23709	0.08297
  0.08738	0.45498	0.06604	0.3916
  0.3034	0.15998	0.45717	0.07944
  0.15007	0.25242	0.08922	0.5083
  0.56058	0.20417	0.14532	0.08992
  0.62036	0.10462	0.10254	0.17248

MOTIF M0318_1.02 DBP

letter-probability matrix: alength= 4 w= 13
  0.2276	0.2276	0.2276	0.31719
  0.31719	0.2276	0.2276	0.2276
  0.22557	0.05828	0.05828	0.65787
  0.19336	0.03916	0.12195	0.64554
  0.86185	0.02015	0.02015	0.09786
  0.15774	0.67601	0.00019	0.16607
  0.60066	0.00019	0.39897	0.00019
  0.00019	0.13043	0.07667	0.79272
  0.77973	0.02258	0.02258	0.17511
  0.77973	0.02258	0.09862	0.09907
  0.34823	0.26795	0.19191	0.19191
  0.21103	0.21103	0.28707	0.29087
  0.23004	0.23004	0.23004	0.30988

MOTIF M0319_1.02 CREM

