MEME version 4

ALPHABET= ACGT

strands: + -

Background letter frequencies (from uniform background):
A 0.25000 C 0.25000 G 0.25000 T 0.25000

MOTIF HKR1 HKR1

letter-probability matrix: alength= 4 w= 21
  0.26377	0.36123	0.22564	0.14936
  0.08157	0.46716	0.1197	0.33157
  0.10275	0.32309	0.24258	0.33157
  0.22987	0.19598	0.40784	0.16631
  0.01377	0.32733	0.17055	0.48835
  0.16208	0.31038	0.45869	0.06886
  0.03496	0.16208	0.1536	0.64936
  0.00106	0.96292	0.00106	0.03496
  0.00106	0.99259	0.00106	0.0053
  0.00106	0.00106	0.00106	0.99682
  0.00106	0.82733	0.00953	0.16208
  0.00106	0.99682	0.00106	0.00106
  0.19174	0.57309	0.00106	0.23411
  0.09004	0.32733	0.09428	0.48835
  0.29343	0.24258	0.30614	0.15784
  0.06886	0.20021	0.53919	0.19174
  0.01801	0.31886	0.08157	0.58157
  0.08581	0.46716	0.30614	0.14089
  0.13242	0.62818	0.11123	0.12818
  0.34004	0.38242	0.17055	0.10699
  0.07733	0.36547	0.36123	0.19598

MOTIF M00117_1 TFAP2A

letter-probability matrix: alength= 4 w= 10
  0.11987	0.43544	0.34945	0.09524
  0.00138	0.94309	0.00043	0.0551
  0.02218	0.65144	0.02476	0.30162
  0.09225	0.22918	0.24827	0.43031
  0.20183	0.32945	0.33611	0.13261
  0.38509	0.19123	0.37746	0.04622
  0.10805	0.00032	0.89119	0.00044
  0.00093	0.00037	0.98915	0.00955
  0.02494	0.66952	0.19375	0.11178
  0.34218	0.10204	0.33541	0.22038

MOTIF M00118_1 TFAP2A

letter-probability matrix: alength= 4 w= 10
  0.1632	0.12967	0.10831	0.59883
  0.20345	0.34911	0.24602	0.20142
  0.0013	0.33138	0.66731	1e-05
  4e-05	0.99993	1e-05	1e-05
  0.00021	0.94811	2e-05	0.05165
  0.02004	0.28646	0.15565	0.53786
  0.10655	0.39488	0.39095	0.10762
  0.56528	0.17721	0.23447	0.02304
  0.10063	9e-05	0.89918	9e-05
  0.00012	4e-05	0.99982	2e-05

MOTIF M00119_1 TFAP2A

letter-probability matrix: alength= 4 w= 10
  0.12311	0.30584	0.50931	0.06175
  0.00468	0.9757	0.00027	0.01936
  0.0072	0.7917	0.00192	0.19917
  0.06972	0.1615	0.18209	0.58669
  0.1686	0.44477	0.27248	0.11415
  0.25424	0.22549	0.44957	0.07069
  0.17271	0.01232	0.81372	0.00125
  0.00975	0.00024	0.98992	9e-05
  0.05887	0.52603	0.3255	0.0896
  0.25508	0.15014	0.40005	0.19472

MOTIF M00120_1 TFAP2A

letter-probability matrix: alength= 4 w= 10
  0.03752	0.95795	0.00166	0.00287
  0.03905	0.84131	0.00113	0.11851
  0.05976	0.23051	0.25475	0.45499
  0.17086	0.39184	0.31446	0.12284
  0.53501	0.13595	0.32776	0.00127
  0.06178	0.00016	0.93776	0.0003
  0.0384	0.00017	0.961	0.00043
  0.02753	0.75385	0.21383	0.00478
  0.32158	0.13472	0.32158	0.22212
  0.47452	0.13595	0.17632	0.21321

MOTIF M00136_1 ARID3A

letter-probability matrix: alength= 4 w= 9
  0.19673	0.27092	0.20475	0.3276
  0.40368	0.0815	0.25998	0.25484
  0.9993	0.0001	0.00019	0.00042
  0.0005	0.00124	0.00042	0.99784
  0.16583	0.37651	0.03315	0.42451
  0.7325	0.05333	0.11988	0.0943
  0.66103	0.09311	0.11373	0.13213
  0.51016	0.09896	0.17499	0.21588
  0.33578	0.22734	0.14496	0.29191

MOTIF M00138_1 ARID5A

letter-probability matrix: alength= 4 w= 8
  0.2178	0.29695	0.15044	0.33481
  0.25497	0.21727	0.34075	0.18701
  0.53302	0.06794	0.27275	0.12629
  0.30862	0.03524	0.08244	0.5737
  0.89905	0.00151	0.06352	0.03592
  0.01153	0.00196	0.0088	0.9777
  0.12189	0.25804	0.01633	0.60373
  0.38023	0.15002	0.34062	0.12912

MOTIF M00139_1 ARID3A

letter-probability matrix: alength= 4 w= 9
  0.24975	0.22825	0.22598	0.29602
  0.3673	0.11514	0.22278	0.29477
  0.99931	0.0001	0.00021	0.00039
  0.01142	0.01064	0.01013	0.96781
  0.26088	0.31233	0.04911	0.37768
  0.72582	0.05667	0.10224	0.11527
  0.63647	0.1021	0.12223	0.1392
  0.48964	0.10709	0.17656	0.22671
  0.31003	0.22513	0.18432	0.28053

MOTIF M00140_1 ARID3A

letter-probability matrix: alength= 4 w= 11
  0.46794	0.17735	0.17735	0.17735
  0.27341	0.08007	0.08007	0.56645
  0.60918	0.11917	0.03375	0.2379
  0.10444	0.00014	0.00014	0.89528
  0.00014	0.00014	0.00014	0.99958
  0.99958	0.00014	0.00014	0.00014
  0.91094	0.00014	0.00014	0.08878
  0.08878	0.00014	0.00014	0.91094
  0.26179	0.16787	0.07279	0.49755
  0.48978	0.17007	0.17007	0.17007
  0.35082	0.21639	0.21639	0.21639

MOTIF M00141_1 ARID3A

letter-probability matrix: alength= 4 w= 9
  0.24658	0.26712	0.23222	0.25409
  0.37833	0.08964	0.2461	0.28593
  0.93221	0.02004	0.02447	0.02328
  0.10946	0.05714	0.09421	0.73919
  0.19844	0.33378	0.11335	0.35442
  0.70876	0.05646	0.13887	0.09592
  0.60731	0.10039	0.14104	0.15127
  0.51931	0.10804	0.18726	0.1854
  0.34738	0.20243	0.18501	0.26518

MOTIF M00142_1 ARID3A

letter-probability matrix: alength= 4 w= 9
  0.2696	0.19972	0.22974	0.30095
  0.34599	0.09243	0.23899	0.3226
  0.98085	0.00089	0.01743	0.00083
  0.00979	0.01322	0.01233	0.96466
  0.24559	0.30603	0.0394	0.40898
  0.78697	0.06023	0.08212	0.07068
  0.73331	0.07135	0.07652	0.11882
  0.55727	0.07694	0.14592	0.21987
  0.36511	0.21065	0.13703	0.28721

MOTIF M00143_1 ARID5A

letter-probability matrix: alength= 4 w= 8
  0.21556	0.30589	0.19899	0.27956
  0.49742	0.068	0.23031	0.20427
  0.8357	0.06724	0.00165	0.09542
  0.05911	0.06214	0.0166	0.86215
  0.54104	0.07775	0.12819	0.25303
  0.18847	0.31073	0.08553	0.41527
  0.20597	0.31981	0.24659	0.22763
  0.29677	0.18923	0.30277	0.21123

MOTIF M00144_1 ARID5A

letter-probability matrix: alength= 4 w= 11
  0.22641	0.22641	0.32076	0.22641
  0.36839	0.17694	0.27774	0.17694
  0.25704	0.14962	0.05109	0.54224
  0.90243	0.00015	0.09726	0.00015
  0.99954	0.00015	0.00015	0.00015
  0.00015	0.00015	0.00015	0.99954
  0.99954	0.00015	0.00015	0.00015
  0.00015	0.00015	0.00015	0.99954
  0.02374	0.02374	0.02374	0.92878
  0.17772	0.07322	0.46627	0.2828
  0.30196	0.19906	0.19906	0.29992

MOTIF M00145_1 ARID3A

letter-probability matrix: alength= 4 w= 9
  0.24246	0.24005	0.25745	0.26004
  0.32276	0.1571	0.23673	0.28341
  0.84048	0.0212	0.10606	0.03226
  0.03764	0.10974	0.07356	0.77906
  0.23864	0.31893	0.11049	0.33194
  0.56685	0.10996	0.1624	0.16079
  0.48688	0.1637	0.17733	0.17209
  0.38988	0.14633	0.23885	0.22494
  0.30187	0.23746	0.20852	0.25215

MOTIF M00146_1 ARID5A

letter-probability matrix: alength= 4 w= 10
  0.22932	0.25598	0.25092	0.26378
  0.19432	0.31719	0.17759	0.31091
  0.22901	0.25564	0.33155	0.18379
  0.52575	0.0748	0.29436	0.10509
  0.33007	0.12265	0.08817	0.45911
  0.93062	0.00058	0.0492	0.01961
  0.03407	0.02194	0.02026	0.92373
  0.15146	0.2171	0.053	0.57844
  0.29279	0.17937	0.32358	0.20427
  0.24746	0.25499	0.24256	0.25499

MOTIF M00147_1 ARID3A

letter-probability matrix: alength= 4 w= 8
  0.22705	0.26913	0.2034	0.30042
  0.36483	0.11211	0.24456	0.27851
  0.95429	0.00015	0.00036	0.04519
  0.00323	0.02201	0.00088	0.97389
  0.18078	0.42297	0.06018	0.33607
  0.60159	0.07149	0.18859	0.13832
  0.50098	0.14643	0.17013	0.18246
  0.40046	0.1488	0.22199	0.22875

MOTIF M00150_1 ARID3A

letter-probability matrix: alength= 4 w= 8
  0.24525	0.27105	0.21535	0.26835
  0.30832	0.19659	0.25497	0.24012
  0.94188	0.00025	0.00059	0.05728
  0.05176	0.03505	0.00025	0.91294
  0.19167	0.30975	0.08874	0.40984
  0.56217	0.10067	0.16268	0.17448
  0.50261	0.15915	0.17588	0.16236
  0.41673	0.14877	0.23567	0.19883

MOTIF M00155_1 HMGA2

letter-probability matrix: alength= 4 w= 10
  0.24811	0.15284	0.24824	0.35081
  0.83195	0.02426	0.02426	0.11953
  0.29297	0.00023	0.00023	0.70657
  0.70193	0.00023	0.00023	0.29761
  0.00023	0.00023	0.00023	0.99931
  0.80251	0.00023	0.00023	0.19703
  0.687	0.00023	0.00023	0.31254
  0.29756	0.00023	0.00023	0.70198
  0.21312	0.09739	0.09739	0.5921
  0.32209	0.22597	0.22597	0.22597

MOTIF M00156_1 HMGA2

letter-probability matrix: alength= 4 w= 9
  0.26591	0.19503	0.18368	0.35538
  0.3135	0.19206	0.11533	0.3791
  0.35026	0.16218	0.09264	0.39492
  0.41902	0.01441	0.21657	0.35
  0.05342	0.34318	0.00857	0.59482
  0.23206	0.25646	0.2252	0.28628
  0.22676	0.29409	0.24078	0.23838
  0.2255	0.23707	0.27543	0.262
  0.24165	0.23687	0.24901	0.27246

MOTIF M00158_1 HMGA1

letter-probability matrix: alength= 4 w= 9
  0.27736	0.20343	0.18043	0.33877
  0.31533	0.20719	0.12195	0.35553
  0.33997	0.18473	0.1143	0.361
  0.3503	0.00035	0.29553	0.35382
  0.08559	0.4114	0.00052	0.50249
  0.23637	0.26385	0.24115	0.25863
  0.23436	0.29793	0.25136	0.21634
  0.22621	0.24261	0.29338	0.23781
  0.23804	0.24285	0.27381	0.24529

MOTIF M00169_1 HMGA1

letter-probability matrix: alength= 4 w= 10
  0.29779	0.1618	0.2366	0.3038
  0.302	0.16084	0.16084	0.37631
  0.4057	0.07561	0.08356	0.43512
  0.47385	0.06413	0.07017	0.39185
  0.34908	0.00033	0.18407	0.46652
  0.07819	0.32026	0.00023	0.60132
  0.24422	0.26722	0.2866	0.20196
  0.22339	0.30457	0.2372	0.23484
  0.24007	0.22609	0.27892	0.25492
  0.23267	0.26498	0.26498	0.23737

MOTIF M00171_1 HMGA1

letter-probability matrix: alength= 4 w= 8
  0.51761	0.07665	0.13553	0.27021
  0.25591	0.13905	0.0003	0.60475
  0.27982	0.00171	0.00215	0.71633
  0.33413	0.17618	0.08158	0.40811
  0.28212	0.25022	0.13326	0.3344
  0.21732	0.27352	0.13996	0.36921
  0.23167	0.26383	0.24847	0.25603
  0.18858	0.22577	0.2899	0.29575

MOTIF M00176_1 HMGA2

letter-probability matrix: alength= 4 w= 8
  0.35014	0.14523	0.19409	0.31054
  0.51852	0.06478	0.07602	0.34069
  0.42064	0.06953	0.00118	0.50866
  0.11466	0.07763	0.00183	0.80589
  0.38854	0.05311	0.11586	0.44248
  0.3538	0.19224	0.04289	0.41106
  0.28154	0.18315	0.15145	0.38386
  0.20082	0.20488	0.18171	0.41258

MOTIF M00177_1 HMGA2

letter-probability matrix: alength= 4 w= 10
  0.27144	0.23835	0.15198	0.33823
  0.28825	0.2481	0.12198	0.34167
  0.31517	0.18926	0.09493	0.40065
  0.31321	0.18621	0.08201	0.41858
  0.3601	0.18612	0.01396	0.43982
  0.24608	0.34921	0.08874	0.31598
  0.18157	0.38825	0.12171	0.30847
  0.20237	0.26776	0.14992	0.37996
  0.27314	0.1499	0.48784	0.08912
  0.19658	0.29035	0.07992	0.43315

MOTIF M00180_1 HMGA2

letter-probability matrix: alength= 4 w= 7
  0.4292	0.11238	0.13727	0.32115
  0.45806	0.08202	0.13389	0.32603
  0.21829	0.06317	0.04277	0.67576
  0.20314	0.11148	0.06898	0.61639
  0.30016	0.20941	0.11265	0.37778
  0.26186	0.23694	0.18453	0.31666
  0.22258	0.24599	0.24846	0.28296

MOTIF M00185_1 HMGA2

letter-probability matrix: alength= 4 w= 10
  0.20103	0.30796	0.2445	0.24652
  0.32198	0.16601	0.32015	0.19185
  0.41425	0.18821	0.19264	0.2049
  0.43151	0.06443	0.1003	0.40376
  0.42372	0.04794	5e-05	0.52829
  0.52829	5e-05	0.04794	0.42372
  0.40376	0.1003	0.06443	0.43151
  0.2049	0.19264	0.18821	0.41425
  0.19185	0.32015	0.16601	0.32198
  0.24652	0.2445	0.30796	0.20103

MOTIF M00219_1 MAX

letter-probability matrix: alength= 4 w= 8
  0.24419	0.08147	0.47664	0.1977
  8e-05	0.99976	8e-05	8e-05
  0.83188	8e-05	0.1527	0.01534
  8e-05	0.77083	8e-05	0.22901
  0.16033	8e-05	0.83951	8e-05
  0.04622	0.10005	0.00777	0.84597
  9e-05	9e-05	0.95665	0.04317
  0.08341	0.03582	0.72596	0.15481

MOTIF M00221_1 MITF

letter-probability matrix: alength= 4 w= 10
  0.28064	0.18439	0.31642	0.21856
  0.39054	0.06924	0.48181	0.05841
  0.07319	0.0912	0.08335	0.75225
  0.00617	0.99169	0.00177	0.00037
  0.8937	0.04275	0.01237	0.05118
  0.00657	0.70777	0.06818	0.21748
  0.15108	0.03996	0.79456	0.01441
  0.25464	0.24223	0.11557	0.38756
  0.03589	0.03625	0.8631	0.06475
  0.23046	0.2259	0.34726	0.19638

MOTIF M00222_1 MNT

letter-probability matrix: alength= 4 w= 9
  0.23718	0.24686	0.22337	0.2926
  0.26305	0.22193	0.32778	0.18723
  0.05967	0.78742	0.04741	0.10551
  0.79951	0.00077	0.05938	0.14033
  0.01856	0.80503	0.00035	0.17607
  0.04859	0.09401	0.85701	0.00038
  0.03257	0.22662	0.0033	0.73751
  0.07523	0.00163	0.78879	0.13436
  0.18354	0.32781	0.21755	0.27109

MOTIF M00223_1 TFAP4

letter-probability matrix: alength= 4 w= 9
  0.27346	0.42461	0.18148	0.12044
  0.09758	0.82934	0.03928	0.03381
  0.66249	0.05604	0.19954	0.08194
  0.04329	0.20808	0.46775	0.28088
  0.29971	0.47004	0.21547	0.01477
  0.0044	0.0723	0.01566	0.90765
  0.00072	0.00017	0.99744	0.00167
  0.37874	0.08201	0.27502	0.26424
  0.11825	0.22879	0.17819	0.47477

MOTIF M00224_1 BHLHA15

letter-probability matrix: alength= 4 w= 10
  0.30183	0.19987	0.29843	0.19987
  0.28246	0.57951	0.06902	0.06902
  0.00014	0.99958	0.00014	0.00014
  0.99958	0.00014	0.00014	0.00014
  0.00014	0.217	0.00014	0.78272
  0.78911	0.00014	0.21061	0.00014
  0.00014	0.00014	0.00014	0.99958
  0.00014	0.00014	0.99958	0.00014
  0.05027	0.05027	0.15474	0.74473
  0.18112	0.18112	0.27227	0.36548

MOTIF M00225_1 ASCL1

letter-probability matrix: alength= 4 w= 10
  0.31555	0.18128	0.30497	0.1982
  0.34257	0.21565	0.3291	0.11269
  0.0363	0.95686	0.0	0.00685
  0.88744	0.02604	0.05204	0.03448
  0.02231	0.23317	0.58293	0.16159
  0.16159	0.58293	0.23317	0.02231
  0.03448	0.05204	0.02604	0.88744
  0.00685	0.0	0.95686	0.0363
  0.11269	0.3291	0.21565	0.34257
  0.1982	0.30497	0.18128	0.31555

MOTIF M00226_1 ARNT

letter-probability matrix: alength= 4 w= 12
  0.30892	0.23036	0.23036	0.23036
  0.34157	0.17112	0.17112	0.31618
  0.06834	0.06834	0.59815	0.26517
  0.01905	0.86429	0.01905	0.09761
  0.99946	0.00018	0.00018	0.00018
  0.14743	0.85221	0.00018	0.00018
  0.07195	0.00018	0.77365	0.15422
  0.00018	0.00018	0.00018	0.99946
  0.09159	0.01982	0.79329	0.0953
  0.63294	0.20895	0.07906	0.07906
  0.18184	0.29457	0.18184	0.34174
  0.23113	0.23113	0.23113	0.30661

MOTIF M00227_1 ARNT

letter-probability matrix: alength= 4 w= 10
  0.13299	0.13299	0.40348	0.33055
  0.08899	0.66501	0.08899	0.15701
  0.92861	0.07097	0.00021	0.00021
  0.07097	0.56624	0.00021	0.36258
  0.50283	0.00021	0.49675	0.00021
  0.00021	0.06971	0.00021	0.92987
  0.15045	0.00021	0.7081	0.14124
  0.7337	0.26588	0.00021	0.00021
  0.39495	0.22519	0.18798	0.19188
  0.16122	0.16122	0.23587	0.44169

MOTIF M00228_1 MLX

letter-probability matrix: alength= 4 w= 9
  0.12465	0.76932	0.05381	0.05222
  0.77655	0.11272	0.01274	0.09799
  0.00099	0.92253	0.07649	0.0
  0.201	0.0	0.79897	3e-05
  0.0	0.11106	0.0	0.88894
  0.00035	7e-05	0.99958	0.0
  0.33505	0.25834	0.19721	0.2094
  0.233	0.26535	0.16094	0.34071
  0.27374	0.32773	0.18534	0.21319

MOTIF M00229_1 MLX

letter-probability matrix: alength= 4 w= 10
  0.21349	0.31532	0.29108	0.18011
  0.12092	0.70989	0.07408	0.09512
  0.53234	0.09251	0.24648	0.12867
  0.01859	0.87377	0.02916	0.07848
  0.21445	0.05081	0.7337	0.00104
  0.01847	3e-05	0.05071	0.93079
  6e-05	7e-05	0.97168	0.02819
  0.35778	0.27041	0.19055	0.18126
  0.21509	0.28459	0.15619	0.34414
  0.25328	0.3488	0.18209	0.21583

MOTIF M00230_1 HELT

letter-probability matrix: alength= 4 w= 9
  0.12794	0.14139	0.58497	0.1457
  0.37342	0.21761	0.2198	0.18918
  0.05035	0.85327	0.05035	0.04602
  0.80268	0.01168	0.15885	0.02679
  0.01384	0.91403	0.01485	0.05728
  0.0544	0.02926	0.90358	0.01276
  0.01704	0.14627	0.01165	0.82504
  0.01032	0.00204	0.96725	0.02038
  0.0939	0.52436	0.10801	0.27374

MOTIF M00231_1 TCF12

letter-probability matrix: alength= 4 w= 9
  0.26767	0.26237	0.2023	0.26767
  0.26655	0.25103	0.39369	0.08873
  0.01217	0.98159	0.00363	0.00261
  0.9702	0.0066	0.00775	0.01545
  0.0051	0.13409	0.85282	0.00799
  0.0932	0.1127	0.78427	0.00982
  0.00178	0.03984	0.00029	0.95809
  0.00509	0.00081	0.98954	0.00456
  0.06298	0.34476	0.23342	0.35883

MOTIF M00232_1 TCF12

letter-probability matrix: alength= 4 w= 10
  0.24343	0.30638	0.3386	0.11159
  0.06561	0.91947	0.00853	0.00638
  0.89923	0.03062	0.0335	0.03665
  0.0642	0.21102	0.70764	0.01715
  0.17014	0.14644	0.68308	0.00034
  0.04887	0.02682	0.00911	0.9152
  0.06696	0.01129	0.89255	0.0292
  0.09154	0.31631	0.23906	0.35309
  0.21837	0.20981	0.25883	0.31299
  0.26001	0.28735	0.21501	0.23763

MOTIF M00233_1 TCF12

letter-probability matrix: alength= 4 w= 8
  0.30976	0.25361	0.3192	0.11743
  0.00889	0.98684	0.00097	0.0033
  0.98762	0.00122	0.00693	0.00424
  0.0034	0.65453	0.13892	0.20314
  0.00288	0.80361	0.18663	0.00688
  0.01176	0.01755	0.03165	0.93904
  0.00261	0.00301	0.97304	0.02134
  0.1221	0.32209	0.29733	0.25848

MOTIF M00234_1 SREBF1

letter-probability matrix: alength= 4 w= 10
  0.49097	0.14641	0.26149	0.10113
  0.20668	0.14134	0.07305	0.57893
  0.07713	0.84175	0.02567	0.05545
  0.73894	0.00204	0.16001	0.09901
  0.0694	0.57816	0.13975	0.21269
  0.19918	0.31551	0.48502	0.00029
  0.1336	0.46632	0.0027	0.39737
  0.06426	0.32799	0.47962	0.12812
  0.69482	0.06966	0.11835	0.11717
  0.09219	0.3628	0.152	0.39302

MOTIF M00235_1 SREBF1

letter-probability matrix: alength= 4 w= 9
  0.19088	0.15785	0.09479	0.55648
  0.17086	0.5396	0.21938	0.07016
  0.41943	2e-05	0.44093	0.13962
  0.06904	0.46626	0.30636	0.15834
  0.21318	0.14433	0.61532	0.02717
  0.09826	0.1901	0.0	0.71164
  7e-05	0.09715	0.81748	0.0853
  0.64317	0.06012	0.13651	0.1602
  0.00142	0.31662	0.1108	0.57117

MOTIF M00237_1 SREBF1

letter-probability matrix: alength= 4 w= 8
  0.07745	0.07745	0.00077	0.84433
  0.00059	0.99824	0.00059	0.00059
  0.93955	0.00059	0.05927	0.00059
  0.00059	0.99824	0.00059	0.00059
  0.05927	0.11796	0.82218	0.00059
  0.00059	0.58744	0.00059	0.41138
  0.00059	0.29401	0.70481	0.00059
  0.92101	0.00077	0.00077	0.07745

MOTIF M00238_1 HES1

letter-probability matrix: alength= 4 w= 10
  0.18719	0.25779	0.37696	0.17806
  0.20885	0.29935	0.39607	0.09574
  0.04019	0.87453	0.01421	0.07107
  0.74295	0.03347	0.14126	0.08232
  0.02922	0.83294	0.05598	0.08186
  0.16483	0.04065	0.76886	0.02566
  0.11579	0.46955	0.06681	0.34785
  0.05821	0.11262	0.66117	0.16801
  0.22595	0.30196	0.15146	0.32063
  0.21714	0.38396	0.19845	0.20045

MOTIF M00239_1 HES5

letter-probability matrix: alength= 4 w= 10
  0.18948	0.20733	0.44333	0.15986
  0.24512	0.24268	0.41644	0.09575
  0.01991	0.96435	0.00491	0.01082
  0.88662	0.02149	0.04641	0.04549
  0.00432	0.94707	0.017	0.03161
  0.12208	0.0254	0.82445	0.02807
  0.16042	0.52208	0.08291	0.23458
  0.02295	0.03356	0.79898	0.14451
  0.15952	0.3377	0.1548	0.34798
  0.19958	0.3979	0.17525	0.22728

MOTIF M00240_1 MITF

letter-probability matrix: alength= 4 w= 8
  0.00935	0.99047	9e-05	9e-05
  0.62797	0.05791	0.14053	0.17358
  7e-05	0.87295	0.02246	0.10452
  0.1269	0.04484	0.82819	7e-05
  0.08214	0.02992	0.03738	0.85057
  7e-05	7e-05	0.99978	7e-05
  0.85564	0.07214	0.04512	0.02711
  0.01484	0.63213	0.07363	0.27939

MOTIF M00241_1 ATOH1

letter-probability matrix: alength= 4 w= 10
  0.3612	0.18301	0.27277	0.18301
  0.13891	0.65166	0.13487	0.07456
  5e-05	0.99986	5e-05	5e-05
  0.99986	5e-05	5e-05	5e-05
  5e-05	5e-05	5e-05	0.99986
  0.99986	5e-05	5e-05	5e-05
  5e-05	5e-05	5e-05	0.99986
  5e-05	5e-05	0.99986	5e-05
  0.06703	0.29856	0.22054	0.41387
  0.17549	0.23627	0.17549	0.41275

MOTIF M00242_1 ATOH7

letter-probability matrix: alength= 4 w= 10
  0.34992	0.14677	0.27856	0.22475
  0.357	0.41736	0.1735	0.05214
  0.13951	0.82786	0.032	0.00063
  0.72459	0.0	0.22764	0.04776
  0.06445	0.12618	0.29408	0.51528
  0.51528	0.29408	0.12618	0.06445
  0.04776	0.22764	0.0	0.72459
  0.00063	0.032	0.82786	0.13951
  0.05214	0.1735	0.41736	0.357
  0.22475	0.27856	0.14677	0.34992

MOTIF M00243_1 CLOCK

letter-probability matrix: alength= 4 w= 10
  0.20201	0.20201	0.29893	0.29706
  0.56646	0.18767	0.17218	0.0737
  0.00023	0.91845	0.00023	0.0811
  0.99932	0.00023	0.00023	0.00023
  0.00023	0.91845	0.00023	0.0811
  0.00023	0.00023	0.91845	0.0811
  0.00023	0.00023	0.00023	0.99932
  0.00023	0.00023	0.99932	0.00023
  0.04822	0.42035	0.37725	0.15419
  0.2574	0.29275	0.17653	0.27331

MOTIF M00244_1 USF1

letter-probability matrix: alength= 4 w= 11
  0.23391	0.23391	0.23391	0.29828
  0.45962	0.12376	0.29286	0.12376
  0.01773	0.17197	0.15312	0.65719
  0.00013	0.9996	0.00013	0.00013
  0.9996	0.00013	0.00013	0.00013
  0.0645	0.93523	0.00013	0.00013
  0.00013	0.00013	0.93523	0.0645
  0.0645	0.00013	0.00013	0.93523
  0.01623	0.01623	0.95132	0.01623
  0.33077	0.19619	0.34667	0.12637
  0.23241	0.23241	0.30277	0.23241

MOTIF M00245_1 CCDC169-SOHLH2

letter-probability matrix: alength= 4 w= 10
  0.31417	0.21919	0.24962	0.21701
  0.20922	0.17475	0.43414	0.18189
  0.15917	0.3876	0.10251	0.35072
  0.254	0.37892	0.18629	0.18079
  0.13111	0.76974	0.02647	0.07268
  0.07565	0.02985	0.89434	0.00016
  0.10974	0.02473	0.07068	0.79484
  0.00043	0.09266	0.89694	0.00996
  0.17124	0.57424	0.13742	0.1171
  0.29143	0.19149	0.30333	0.21375

MOTIF M00246_1 HES1

letter-probability matrix: alength= 4 w= 13
  0.16723	0.16723	0.42799	0.23755
  0.07281	0.71125	0.07281	0.14313
  0.84124	0.05292	0.05292	0.05292
  0.05292	0.77093	0.05292	0.12323
  0.03591	0.03591	0.75392	0.17426
  0.00016	0.06956	0.00016	0.93013
  0.00016	0.00016	0.71817	0.28152
  0.00016	0.39672	0.00016	0.60296
  0.08293	0.68183	0.15232	0.08293
  0.17735	0.24458	0.3327	0.24538
  0.26447	0.19724	0.19724	0.34105
  0.26447	0.19724	0.19724	0.34105
  0.35726	0.21425	0.21425	0.21425

MOTIF M00247_1 CLOCK

letter-probability matrix: alength= 4 w= 10
  0.23996	0.20031	0.33656	0.22317
  0.29328	0.32074	0.25277	0.13321
  0.16218	0.77456	0.02811	0.03514
  0.71312	0.05446	0.17328	0.05914
  0.02794	0.67439	0.04768	0.24999
  0.24999	0.04768	0.67439	0.02794
  0.05914	0.17328	0.05446	0.71312
  0.03514	0.02811	0.77456	0.16218
  0.13321	0.25277	0.32074	0.29328
  0.22317	0.33656	0.20031	0.23996

MOTIF M00248_1 MITF

letter-probability matrix: alength= 4 w= 10
  0.31742	0.18342	0.3336	0.16556
  0.19082	0.21231	0.22154	0.37533
  0.06519	0.84282	0.03921	0.05278
  0.67363	0.06957	0.11074	0.14605
  0.02003	0.79882	0.03888	0.14227
  0.14227	0.03888	0.79882	0.02003
  0.14605	0.11074	0.06957	0.67363
  0.05278	0.03921	0.84282	0.06519
  0.37533	0.22154	0.21231	0.19082
  0.16556	0.3336	0.18342	0.31742

MOTIF M00249_1 MITF

letter-probability matrix: alength= 4 w= 10
  0.22657	0.31516	0.21769	0.24058
  0.10124	0.78643	0.05841	0.05392
  0.42307	0.13531	0.1901	0.25152
  0.0284	0.7107	0.06915	0.19176
  0.22859	0.09481	0.65979	0.01681
  0.09881	0.03746	0.08851	0.77523
  0.00276	0.01142	0.95882	0.027
  0.60585	0.14354	0.14212	0.10849
  0.09487	0.40851	0.10804	0.38858
  0.22548	0.28952	0.20402	0.28097

MOTIF M00250_1 FIGLA

letter-probability matrix: alength= 4 w= 9
  0.25058	0.38138	0.19321	0.17483
  0.01338	0.98643	0.00015	4e-05
  0.91799	0.03319	0.04013	0.00869
  0.00839	0.39823	0.5708	0.02258
  0.04618	0.31499	0.628	0.01083
  0.00117	0.02207	1e-05	0.97676
  0.05983	0.01403	0.88137	0.04477
  0.17648	0.21772	0.30896	0.29684
  0.27283	0.16714	0.2062	0.35384

MOTIF M00251_1 BHLHE40

letter-probability matrix: alength= 4 w= 9
  0.19487	0.24282	0.40436	0.15796
  0.07846	0.05641	0.40449	0.46064
  0.00025	0.99951	0.00014	0.0001
  0.85207	0.02787	0.05613	0.06392
  0.00575	0.92466	0.02309	0.0465
  0.07919	0.02433	0.89054	0.00594
  0.08642	0.14681	0.0955	0.67127
  0.02626	0.02961	0.78685	0.15728
  0.32386	0.28438	0.09279	0.29896

MOTIF M00252_1 BHLHE40

letter-probability matrix: alength= 4 w= 8
  0.2679	0.21934	0.22829	0.28447
  0.22226	0.52	0.14172	0.11603
  0.42571	0.15818	0.22673	0.18938
  0.10625	0.60533	0.07871	0.20972
  0.11811	0.04899	0.82187	0.01104
  0.00099	0.03729	0.0	0.96172
  0.0536	0.00023	0.88137	0.06481
  0.31893	0.35602	0.12967	0.19539

MOTIF M00253_1 BHLHE40

letter-probability matrix: alength= 4 w= 9
  0.23689	0.21435	0.40651	0.14225
  0.06861	0.03177	0.4633	0.43632
  0.01533	0.98211	0.00051	0.00205
  0.94982	0.02021	0.01055	0.01942
  0.00265	0.9094	0.03321	0.05475
  0.11384	0.05378	0.80822	0.02416
  0.16252	0.34405	0.13174	0.36169
  0.08482	0.13039	0.59026	0.19452
  0.2529	0.2358	0.18001	0.33129

MOTIF M00254_1 TCF12

letter-probability matrix: alength= 4 w= 9
  0.28079	0.27523	0.22088	0.2231
  0.36269	0.24312	0.30294	0.09125
  0.01301	0.93032	0.00846	0.04821
  0.97496	0.00016	0.02138	0.0035
  0.02633	0.57865	0.14269	0.25232
  0.05234	0.77888	0.13671	0.03207
  0.04174	0.04216	0.04345	0.87265
  0.02017	0.00102	0.91999	0.05881
  0.10101	0.30044	0.35257	0.24598

MOTIF M00255_1 MITF

letter-probability matrix: alength= 4 w= 10
  0.27427	0.19328	0.31235	0.22011
  0.39756	0.08107	0.4619	0.05946
  0.07745	0.0946	0.10045	0.72751
  0.0066	0.9888	0.00274	0.00187
  0.88151	0.05202	0.01598	0.05048
  0.00813	0.72484	0.0734	0.19363
  0.15639	0.03286	0.79817	0.01258
  0.23834	0.19127	0.10926	0.46114
  0.02778	0.02834	0.88388	0.06
  0.24512	0.21524	0.34095	0.19869

MOTIF M00256_1 MYF5

letter-probability matrix: alength= 4 w= 9
  0.28948	0.25419	0.26991	0.18643
  0.05259	0.77474	0.05207	0.12061
  0.53315	0.10551	0.23248	0.12887
  0.26654	0.30053	0.26127	0.17166
  0.19021	0.45859	0.17384	0.17735
  0.0006	0.00038	0.00031	0.99871
  0.00177	0.00213	0.86984	0.12626
  0.2345	0.16525	0.14656	0.4537
  0.01834	0.46837	0.07219	0.4411

MOTIF M00257_1 MYF5

letter-probability matrix: alength= 4 w= 9
  0.59722	0.00198	0.39881	0.00198
  0.88606	0.00111	0.00111	0.11173
  0.001	0.99701	0.001	0.001
  0.99701	0.001	0.001	0.001
  0.00111	0.00111	0.77544	0.22235
  0.22235	0.5542	0.00111	0.22235
  0.00111	0.00111	0.00111	0.99668
  0.00111	0.00111	0.99668	0.00111
  0.39881	0.2004	0.00198	0.39881

MOTIF M00258_1 MLXIP

letter-probability matrix: alength= 4 w= 8
  0.49938	0.25	0.06297	0.18766
  0.0004	0.9988	0.0004	0.0004
  0.9988	0.0004	0.0004	0.0004
  0.0004	0.9988	0.0004	0.0004
  0.0004	0.0004	0.9988	0.0004
  0.0004	0.0004	0.0004	0.9988
  0.0004	0.0004	0.9988	0.0004
  0.26313	0.42069	0.26313	0.05305

MOTIF M00259_1 TCFL5

letter-probability matrix: alength= 4 w= 10
  0.26332	0.2026	0.30795	0.22613
  0.11314	0.22668	0.36443	0.29575
  0.05815	0.87421	0.01694	0.0507
  0.3722	0.06447	0.3364	0.22693
  0.00622	0.90391	0.0185	0.07136
  0.07136	0.0185	0.90391	0.00622
  0.22693	0.3364	0.06447	0.3722
  0.0507	0.01694	0.87421	0.05815
  0.29575	0.36443	0.22668	0.11314
  0.22613	0.30795	0.2026	0.26332

MOTIF M00260_1 BHLHA15

letter-probability matrix: alength= 4 w= 11
  0.20178	0.29598	0.30045	0.20178
  0.27493	0.07992	0.07992	0.56523
  0.73189	0.12071	0.02437	0.12304
  0.18982	0.51789	0.0003	0.29198
  0.19517	0.61467	0.0003	0.18986
  0.8097	0.0003	0.0003	0.18969
  0.0003	0.19448	0.09349	0.71173
  0.90591	0.0003	0.0003	0.09349
  0.24367	0.14472	0.23706	0.37455
  0.17038	0.17038	0.39266	0.26658
  0.22593	0.22593	0.32221	0.22593

MOTIF M00261_1 ATOH7

letter-probability matrix: alength= 4 w= 9
  0.74505	0.00248	0.25	0.00248
  0.74751	0.25	0.00124	0.00124
  0.00124	0.99627	0.00124	0.00124
  0.99627	0.00124	0.00124	0.00124
  0.00124	0.00124	0.37438	0.62313
  0.62313	0.37438	0.00124	0.00124
  0.00124	0.00124	0.00124	0.99627
  0.00124	0.00124	0.99627	0.00124
  0.00248	0.00248	0.49752	0.49752

MOTIF M00262_1 HES5

letter-probability matrix: alength= 4 w= 10
  0.21688	0.2232	0.38444	0.17548
  0.34559	0.22034	0.34803	0.08603
  0.07089	0.89827	0.01803	0.01281
  0.58788	0.08679	0.23704	0.08829
  0.02263	0.82118	0.05259	0.10359
  0.10359	0.05259	0.82118	0.02263
  0.08829	0.23704	0.08679	0.58788
  0.01281	0.01803	0.89827	0.07089
  0.08603	0.34803	0.22034	0.34559
  0.17548	0.38444	0.2232	0.21688

MOTIF M00263_1 HAND1

letter-probability matrix: alength= 4 w= 10
  0.21255	0.29342	0.21255	0.28148
  0.46745	0.07822	0.30187	0.15245
  0.00018	0.92223	0.00018	0.07741
  0.93166	0.00018	0.06798	0.00018
  0.07113	0.06911	0.71454	0.14522
  0.13691	0.71454	0.07741	0.07113
  0.00018	0.06911	0.00018	0.93054
  0.13691	0.00018	0.86273	0.00018
  0.25062	0.67413	0.03763	0.03763
  0.23976	0.17195	0.30552	0.28277

MOTIF M00264_1 ATOH1

letter-probability matrix: alength= 4 w= 10
  0.4248	0.11348	0.23548	0.22624
  0.16964	0.59209	0.17134	0.06693
  0.27136	0.68778	0.02694	0.01392
  0.66511	0.03481	0.18678	0.11329
  0.00137	0.0643	0.14311	0.79122
  0.79389	0.14075	0.05609	0.00927
  0.07571	0.15095	0.01056	0.76277
  0.01168	0.0009	0.86971	0.1177
  0.03863	0.15052	0.42163	0.38921
  0.09176	0.27021	0.23491	0.40311

MOTIF M00265_1 ATOH1

letter-probability matrix: alength= 4 w= 8
  0.61426	0.15414	0.23083	0.00077
  0.0005	0.9985	0.0005	0.0005
  0.9985	0.0005	0.0005	0.0005
  0.0005	0.0005	0.2001	0.7989
  0.7989	0.2001	0.0005	0.0005
  0.0005	0.0005	0.0005	0.9985
  0.0005	0.0005	0.9985	0.0005
  0.00071	0.28561	0.57051	0.14316

MOTIF M00266_1 TCF12

letter-probability matrix: alength= 4 w= 9
  0.25678	0.27816	0.24182	0.22323
  0.32224	0.24354	0.3096	0.12462
  0.05385	0.90349	0.01482	0.02783
  0.92924	0.01074	0.03359	0.02643
  0.02206	0.54664	0.17309	0.25821
  0.0486	0.76017	0.16962	0.02162
  0.02976	0.04575	0.07619	0.8483
  0.02199	0.00876	0.88937	0.07988
  0.12334	0.30035	0.33527	0.24104

MOTIF M00267_1 ARNT

letter-probability matrix: alength= 4 w= 10
  0.26822	0.14574	0.3309	0.25514
  0.04814	0.93832	0.00411	0.00943
  0.83665	0.05139	0.05794	0.05402
  0.0031	0.94617	0.00267	0.04806
  0.02362	0.00941	0.96503	0.00194
  0.02069	0.01017	0.01611	0.95302
  8e-05	4e-05	0.99715	0.00273
  0.75151	0.14289	0.04391	0.06169
  0.07116	0.55834	0.12458	0.24591
  0.25857	0.26117	0.22933	0.25093

MOTIF M00268_1 USF1

letter-probability matrix: alength= 4 w= 10
  0.35297	0.25665	0.19519	0.19519
  0.25075	0.37006	0.17704	0.20216
  2e-05	0.99994	2e-05	2e-05
  0.99994	2e-05	2e-05	2e-05
  2e-05	0.99994	2e-05	2e-05
  2e-05	2e-05	0.99994	2e-05
  2e-05	2e-05	2e-05	0.99994
  2e-05	2e-05	0.99994	2e-05
  0.77333	0.05483	0.11701	0.05483
  0.17568	0.32229	0.17568	0.32635

MOTIF M00269_1 MAX

letter-probability matrix: alength= 4 w= 9
  0.18866	0.36502	0.26506	0.18126
  0.16111	0.70773	0.07534	0.05582
  0.5537	0.0645	0.27222	0.10958
  0.01638	0.81751	0.07642	0.08968
  0.28038	0.06914	0.64947	0.00101
  0.05898	0.00622	0.03048	0.90432
  0.00016	1e-05	0.99981	2e-05
  0.19447	0.25475	0.33371	0.21708
  0.17808	0.27375	0.23328	0.31489

MOTIF M00270_1 MAX

letter-probability matrix: alength= 4 w= 9
  0.21305	0.3548	0.24507	0.18708
  0.03076	0.96881	5e-05	0.00039
  0.85613	0.02159	0.02054	0.10174
  0.00179	0.63892	0.02907	0.33023
  0.08778	0.05487	0.8497	0.00765
  0.09734	0.23942	0.04418	0.61906
  0.04505	0.05448	0.7335	0.16697
  0.24447	0.23489	0.29269	0.22795
  0.21136	0.23359	0.20307	0.35198

MOTIF M00271_1 MAX

letter-probability matrix: alength= 4 w= 9
  0.19432	0.32685	0.30475	0.17408
  8e-05	0.99978	2e-05	0.00012
  0.914	0.01216	0.0215	0.05234
  0.00439	0.65825	0.04745	0.28991
  0.11933	0.06748	0.79782	0.01536
  0.11537	0.3136	0.08895	0.48208
  0.0545	0.08463	0.67064	0.19023
  0.18347	0.2153	0.3923	0.20894
  0.18465	0.28386	0.24189	0.2896

MOTIF M00272_1 ATOH1

letter-probability matrix: alength= 4 w= 10
  0.38312	0.22152	0.24346	0.1519
  0.66569	0.16818	0.11865	0.04748
  1e-05	0.99997	1e-05	1e-05
  0.99997	1e-05	1e-05	1e-05
  1e-05	1e-05	0.08792	0.91206
  0.91206	0.08792	1e-05	1e-05
  1e-05	1e-05	1e-05	0.99997
  1e-05	1e-05	0.99997	1e-05
  0.09811	0.09811	0.5003	0.30348
  0.20253	0.30083	0.20253	0.29412

MOTIF M00275_1 MYF5

letter-probability matrix: alength= 4 w= 10
  0.32622	0.22459	0.22459	0.22459
  0.25079	0.14907	0.45107	0.14907
  4e-05	0.99988	4e-05	4e-05
  0.99988	4e-05	4e-05	4e-05
  4e-05	0.99988	4e-05	4e-05
  4e-05	4e-05	0.99988	4e-05
  4e-05	4e-05	4e-05	0.99988
  4e-05	4e-05	0.99988	4e-05
  0.12235	0.22361	0.12299	0.53105
  0.10097	0.49647	0.20019	0.20236

MOTIF M00276_1 MYF5

letter-probability matrix: alength= 4 w= 10
  0.47397	0.17534	0.17534	0.17534
  0.86257	0.04581	0.04581	0.04581
  9e-05	0.99974	9e-05	9e-05
  0.99974	9e-05	9e-05	9e-05
  9e-05	0.48804	0.38481	0.12706
  0.28958	0.38481	0.32552	9e-05
  9e-05	9e-05	9e-05	0.99974
  9e-05	9e-05	0.99974	9e-05
  0.15462	0.1556	0.07474	0.61503
  0.20428	0.38716	0.20428	0.20428

MOTIF M00277_1 MYF5

letter-probability matrix: alength= 4 w= 10
  0.2921	0.17243	0.36305	0.17243
  0.59935	0.07448	0.25168	0.07448
  5e-05	0.99984	5e-05	5e-05
  0.99984	5e-05	5e-05	5e-05
  5e-05	5e-05	0.99984	5e-05
  5e-05	0.45076	0.54913	5e-05
  5e-05	5e-05	5e-05	0.99984
  5e-05	5e-05	0.99984	5e-05
  0.07763	0.07763	0.07763	0.76711
  0.17557	0.2654	0.17557	0.38346

MOTIF M00278_1 MYF5

letter-probability matrix: alength= 4 w= 10
  0.51127	0.0956	0.29753	0.0956
  0.84692	0.02274	0.1076	0.02274
  0.0001	0.99971	0.0001	0.0001
  0.99971	0.0001	0.0001	0.0001
  0.0001	0.07894	0.92086	0.0001
  0.0001	0.71573	0.18237	0.1018
  0.0001	0.0001	0.0001	0.99971
  0.0001	0.0001	0.99971	0.0001
  0.24506	0.23584	0.1545	0.3646
  0.22736	0.31792	0.22736	0.22736

MOTIF M00279_1 MYF5

letter-probability matrix: alength= 4 w= 8
  0.0	1.0	0.0	0.0
  1.0	0.0	0.0	0.0
  0.0	0.0	1.0	0.0
  0.0	1.0	0.0	0.0
  0.0	0.0	0.0	1.0
  0.0	0.0	1.0	0.0
  0.0	0.0	0.0	1.0
  0.0	1.0	0.0	0.0

MOTIF M00280_1 ATOH7

letter-probability matrix: alength= 4 w= 8
  0.0	1.0	0.0	0.0
  1.0	0.0	0.0	0.0
  0.0	0.0	0.0	1.0
  1.0	0.0	0.0	0.0
  0.0	0.0	0.0	1.0
  1.0	0.0	0.0	0.0
  0.0	0.0	0.0	1.0
  0.0	0.0	1.0	0.0

MOTIF M00281_1 TFAP4

letter-probability matrix: alength= 4 w= 9
  0.0	0.0	0.0	1.0
  0.0	1.0	0.0	0.0
  1.0	0.0	0.0	0.0
  0.0	0.0	1.0	0.0
  0.0	1.0	0.0	0.0
  0.0	0.0	0.0	1.0
  0.0	0.0	1.0	0.0
  1.0	0.0	0.0	0.0
  0.0	0.0	0.0	1.0

MOTIF M00283_1 BHLHE23

letter-probability matrix: alength= 4 w= 13
  0.23116	0.23116	0.23116	0.30652
  0.37191	0.20936	0.20936	0.20936
  0.24807	0.57881	0.08656	0.08656
  0.27243	0.63968	0.04394	0.04394
  0.86817	0.04394	0.04394	0.04394
  0.00012	0.00012	0.00012	0.99964
  0.99964	0.00012	0.00012	0.00012
  0.00012	0.00012	0.00012	0.99964
  0.01896	0.01896	0.20206	0.76002
  0.04076	0.04076	0.79606	0.12242
  0.16356	0.16356	0.24523	0.42765
  0.2998	0.28784	0.20618	0.20618
  0.28784	0.2998	0.20618	0.20618

MOTIF M00287_1 MAX

letter-probability matrix: alength= 4 w= 8
  0.63636	0.09091	0.18182	0.09091
  0.0	1.0	0.0	0.0
  1.0	0.0	0.0	0.0
  0.0	1.0	0.0	0.0
  0.0	0.0	1.0	0.0
  0.0	0.0	0.0	1.0
  0.0	0.0	1.0	0.0
  0.0	0.25	0.66667	0.08333

MOTIF M00289_1 MITF

letter-probability matrix: alength= 4 w= 8
  0.33333	0.0	0.0	0.66667
  0.0	1.0	0.0	0.0
  1.0	0.0	0.0	0.0
  0.0	1.0	0.0	0.0
  0.0	0.0	1.0	0.0
  0.0	0.0	0.0	1.0
  0.0	0.0	1.0	0.0
  1.0	0.0	0.0	0.0

MOTIF M00359_1 CEBPA

letter-probability matrix: alength= 4 w= 9
  0.28514	0.23829	0.23829	0.23829
  1e-05	1e-05	1e-05	0.99996
  1e-05	1e-05	0.10925	0.89073
  0.39075	1e-05	0.38094	0.2283
  1e-05	0.99996	1e-05	1e-05
  0.0333	1e-05	0.96667	1e-05
  0.10419	0.78915	1e-05	0.10665
  0.99996	1e-05	1e-05	1e-05
  0.96482	0.01173	0.01173	0.01173

MOTIF M00360_1 CEBPA

letter-probability matrix: alength= 4 w= 8
  1e-05	1e-05	1e-05	0.99997
  1e-05	1e-05	0.14058	0.8594
  0.48931	1e-05	0.36509	0.14559
  1e-05	0.96349	1e-05	0.03649
  0.06941	1e-05	0.93057	1e-05
  0.09515	0.75081	1e-05	0.15402
  0.96088	0.0391	1e-05	1e-05
  0.99997	1e-05	1e-05	1e-05

MOTIF M00361_1 CEBPA

letter-probability matrix: alength= 4 w= 9
  0.44994	0.17931	0.29563	0.07512
  0.10017	0.0713	0.0347	0.79383
  0.09431	0.06385	0.14498	0.69686
  0.30658	0.00639	0.46661	0.22041
  0.11937	0.59126	0.08246	0.20691
  0.26761	0.13831	0.44121	0.15286
  0.2655	0.31157	0.09865	0.32428
  0.47485	0.26587	0.12187	0.13741
  0.55495	0.14974	0.13148	0.16384

MOTIF M00383_1 MAFF

letter-probability matrix: alength= 4 w= 10
  0.20403	0.22549	0.20608	0.3644
  0.23689	0.35695	0.18083	0.22533
  0.36643	0.17309	0.22449	0.23599
  0.2111	0.12425	0.47929	0.18536
  0.22148	0.54476	0.11221	0.12155
  0.58182	0.05385	0.2537	0.11063
  0.39757	0.19352	0.18408	0.22484
  0.4085	0.11022	0.16944	0.31184
  0.37478	0.15701	0.13247	0.33574
  0.29948	0.21316	0.16936	0.318

MOTIF M00384_1 XBP1

letter-probability matrix: alength= 4 w= 10
  0.23069	0.18699	0.32736	0.25495
  0.34439	0.21959	0.24512	0.1909
  0.19573	0.23669	0.11872	0.44887
  0.12407	0.19654	0.42448	0.2549
  0.87506	0.00029	0.12203	0.00262
  0.04991	0.72068	0.00122	0.22819
  0.19056	0.05193	0.56114	0.19636
  0.2111	0.24041	0.13596	0.41254
  0.27001	0.13679	0.35371	0.23948
  0.20484	0.19291	0.2936	0.30865

MOTIF M00385_1 XBP1

letter-probability matrix: alength= 4 w= 9
  0.25739	0.19846	0.31125	0.2329
  0.25443	0.24939	0.11663	0.37956
  0.17301	0.2581	0.31841	0.25047
  0.74874	0.00018	0.0233	0.22778
  9e-05	0.99985	0.0	6e-05
  0.19137	0.09223	0.7164	0.0
  0.0	0.28045	0.00159	0.71795
  0.30463	0.16063	0.39509	0.13965
  0.19397	0.16529	0.30117	0.33957

MOTIF M00386_1 DBP

letter-probability matrix: alength= 4 w= 10
  0.20915	0.19895	0.27674	0.31516
  0.39331	0.15364	0.3704	0.08265
  0.06796	0.0451	0.05908	0.82787
  0.03638	0.04911	0.16144	0.75306
  0.64507	0.03055	0.23261	0.09178
  0.07748	0.54458	0.0574	0.32054
  0.25294	0.16454	0.47969	0.10284
  0.17473	0.25297	0.12944	0.44286
  0.36809	0.24428	0.2255	0.16212
  0.44021	0.17196	0.1978	0.19004

MOTIF M00387_1 ATF1

letter-probability matrix: alength= 4 w= 10
  0.2606	0.19306	0.2909	0.25544
  0.29793	0.20374	0.26161	0.23672
  0.17485	0.16632	0.24565	0.41319
  0.18621	0.17713	0.39028	0.24638
  0.44574	0.11214	0.28139	0.16073
  0.17187	0.42273	0.1825	0.2229
  0.25603	0.10001	0.48072	0.16325
  0.26805	0.18515	0.23537	0.31143
  0.3402	0.18301	0.27853	0.19825
  0.33661	0.15125	0.27014	0.242

MOTIF M00388_1 ATF1

letter-probability matrix: alength= 4 w= 8
  0.46227	0.08609	0.38704	0.0646
  0.02369	0.01582	8e-05	0.96041
  7e-05	0.02196	0.80276	0.1752
  0.99979	7e-05	7e-05	7e-05
  7e-05	0.99979	7e-05	7e-05
  0.00711	7e-05	0.99275	7e-05
  0.09015	0.19822	9e-05	0.71155
  0.59983	0.13756	0.16254	0.10007

MOTIF M00389_1 FOS

letter-probability matrix: alength= 4 w= 11
  0.2324	0.2324	0.2324	0.3028
  0.2324	0.2324	0.3028	0.2324
  0.61034	0.10312	0.18342	0.10312
  0.00011	0.00011	0.00011	0.99968
  0.00011	0.00011	0.93731	0.06247
  0.99968	0.00011	0.00011	0.00011
  0.00011	0.99968	0.00011	0.00011
  0.00011	0.00011	0.51329	0.48649
  0.01771	0.56616	0.01771	0.39843
  0.62852	0.26185	0.09191	0.01771
  0.32784	0.25441	0.14699	0.27076

MOTIF M00390_1 ATF1

letter-probability matrix: alength= 4 w= 11
  0.22435	0.22435	0.22435	0.32695
  0.15948	0.34107	0.33996	0.15948
  0.33221	0.07238	0.52303	0.07238
  4e-05	4e-05	4e-05	0.99989
  4e-05	4e-05	0.99989	4e-05
  0.99989	4e-05	4e-05	4e-05
  4e-05	0.99989	4e-05	4e-05
  4e-05	4e-05	0.99989	4e-05
  0.02569	0.37558	0.02569	0.57304
  0.16843	0.47662	0.26439	0.09056
  0.37918	0.17766	0.2655	0.17766

MOTIF M00391_1 ATF1

letter-probability matrix: alength= 4 w= 10
  0.21043	0.26737	0.31177	0.21043
  0.27081	0.21845	0.37119	0.13955
  2e-05	0.06155	2e-05	0.9384
  2e-05	2e-05	0.9384	0.06155
  0.99993	2e-05	2e-05	2e-05
  2e-05	0.99993	2e-05	2e-05
  2e-05	2e-05	0.99993	2e-05
  2e-05	2e-05	2e-05	0.99993
  0.19474	0.72606	0.0396	0.0396
  0.56193	0.1556	0.172	0.11047

MOTIF M00392_1 ATF1

letter-probability matrix: alength= 4 w= 9
  0.35746	0.17055	0.36105	0.11094
  0.01654	0.10947	0.06508	0.8089
  0.00121	0.08911	0.66503	0.24465
  0.78387	0.02415	0.12828	0.0637
  0.0327	0.83486	0.00248	0.12997
  0.11281	0.04679	0.77723	0.06316
  0.1521	0.24581	0.08688	0.5152
  0.33813	0.26334	0.22893	0.1696
  0.29014	0.19255	0.25477	0.26253

MOTIF M00393_1 ATF3

letter-probability matrix: alength= 4 w= 9
  0.18017	0.24565	0.22905	0.34513
  0.18082	0.14657	0.45829	0.21433
  0.55688	0.11356	0.23565	0.09391
  0.02021	0.00072	0.00033	0.97875
  0.08448	0.05606	0.64321	0.21626
  0.85438	0.00026	0.03089	0.11448
  0.07804	0.66999	0.03336	0.21861
  0.23007	0.13274	0.46331	0.17388
  0.21707	0.25219	0.20038	0.33036

MOTIF M00394_1 ATF3

letter-probability matrix: alength= 4 w= 8
  0.08724	0.13064	0.69488	0.08724
  0.82791	0.00029	0.17152	0.00029
  0.00024	0.00024	0.00024	0.99929
  0.00024	0.00024	0.95171	0.04781
  0.99929	0.00024	0.00024	0.00024
  0.00024	0.99929	0.00024	0.00024
  0.10826	0.00027	0.81021	0.08126
  0.09697	0.19362	0.03254	0.67687

MOTIF M00395_1 ATF2

letter-probability matrix: alength= 4 w= 10
  0.29187	0.18425	0.27764	0.24624
  0.5302	0.13339	0.27403	0.06238
  0.03563	0.06238	0.00124	0.90075
  0.0738	0.08238	0.5563	0.28753
  0.75793	0.02581	0.12529	0.09098
  0.08468	0.63836	0.08468	0.19227
  0.15691	0.06508	0.71027	0.06774
  0.11714	0.16623	0.06895	0.64767
  0.36863	0.4074	0.10249	0.12148
  0.48934	0.12434	0.18736	0.19895

MOTIF M00396_1 FOS

letter-probability matrix: alength= 4 w= 8
  0.04384	0.13064	0.69488	0.13064
  0.96682	0.00032	0.03254	0.00032
  0.00029	0.02967	0.00029	0.96974
  0.00029	0.00029	0.99912	0.00029
  0.96974	0.00029	0.00029	0.02967
  0.00029	0.99912	0.00029	0.00029
  0.14301	0.00036	0.60663	0.25
  0.15809	0.36817	0.05305	0.42069

MOTIF M00397_1 ATF3

letter-probability matrix: alength= 4 w= 10
  0.22616	0.2026	0.35825	0.21299
  0.46084	0.13742	0.36983	0.03191
  0.00417	0.01318	0.00161	0.98103
  0.04427	0.03698	0.74277	0.17598
  0.9878	0.00032	0.00022	0.01165
  0.04116	0.63738	0.12364	0.19782
  0.16679	0.10742	0.49609	0.2297
  0.20317	0.29413	0.13619	0.36651
  0.36659	0.27706	0.22013	0.13622
  0.35048	0.20221	0.21471	0.2326

MOTIF M00398_1 ATF3

